401
382
380
235
589
683
519
854
549
567
687
176
171
54
663
624
928
358
523
533
448
153
539
121
335
251
59
664
262
864
123
354
936
503
589
524
876
798
67
115
54
444
291
226
498
644
540
116
1
62
649
140
906
188
952
931
129
10
285
82
874
98
126
810
291
405
23
166
202
91
281
256
535
262
172
724
907
403
840
598
155
178
738
61
56
689
992
186
390
276
959
954
374
84
763
355
489
787
522
381
568
493
327
102
756
500
516
662
593
355
259
748
534
688
809
590
376
491
466
456
457
424
410
522
198
863
877
687
649
88
67
907
582
85
700
27
275
215
689
868
571
638
615
795
325
114
384
392
605
851
538
61
965
948
273
163
811
150
850
149
238
608
56
510
383
446
537
658
661
916
525
922
554
139
716
569
253
100
651
548
641
189
300
605
827
573
768
637
413
308
477
342
606
223
852
989
669
79
646
19
995
861
942
238
1000
657
498
944
447
839
491
778
27
791
383
545
364
841
872
467
839
348
809
444
261
351
122
930
430
458
950
424
318
581
663
318
928
851
261
375
689
442
843
407
233
225
952
287
757
823
754
595
862
253
730
122
604
852
743
33
310
382
457
628
963
810
636
890
660
587
955
39
29
798
446
953
713
397
239
469
219
683
755
771
936
484
894
539
25
636
572
335
17
720
654
670
219
980
559
570
567
204
609
286
692
54
238
94
451
167
254
360
850
8
131
786
182
24
14
207
350
277
233
367
997
577
727
215
556
285
785
813
179
83
98
561
137
26
656
588
193
910
639
734
608
770
209
790
484
223
687
834
500
920
891
186
496
617
92
743
592
567
555
462
651
344
22
788
60
368
66
945
968
705
678
575
474
887
54
648
800
742
171
991
351
752
176
848
58
268
280
340
526
525
492
176
869
515
964
930
573
29
874
541
734
241
806
898
818
861
235
617
292
406
607
643
157
474
180
906
432
460
246
958
986
738
133
544
943
788
163
206
817
36
747
241
968
242
829
785
102
64
402
84
470
699
728
318
863
598
223
295
58
159
252
734
588
76
277
530
864
441
736
370
167
172
611
135
415
440
920
207
504
11
983
664
401
710
672
263
307
586
248
55
745
191
789
332
267
66
553
130
507
979
190
364
842
802
499
947
932
109
844
435
120
826
789
211
225
461
475
223
46
723
278
791
914
758
814
871
514
56
691
711
725
882
74
256
683
574
202
614
683
46
739
493
562
527
705
788
988
870
701
724
282
669
205
887
426
18
757
630
765
138
340
489
19
415
746
392
679
638
696
51
374
434
234
937
651
629
414
329
498
114
52
471
473
257
47
590
966
804
219
420
632
560
600
651
665
35
42
343
673
428
394
47
862
318
674
203
948
778
222
135
582
274
606
54
222
653
644
878
147
864
298
779
113
898
120
778
933
853
811
295
281
204
32
142
212
706
35
159
173
257
295
755
222
901
810
444
244
453
11
81
6
309
860
119
897
980
587
519
833
397
815
113
291
537
946
504
934
672
663
106
929
958
862
841
549
671
284
483
814
987
564
821
295
423
630
883
93
217
401
616
304
906
419
596
443
54
790
376
726
452
482
345
100
343
185
339
13
160
822
828
146
385
338
131
498
968
13
591
875
105
897
179
10
5
465
453
60
254
829
476
396
1
821
496
344
697
835
48
857
656
566
693
731
904
824
229
561
528
510
126
633
407
996
643
412
460
96
162
404
615
639
800
616
459
296
651
846
821
699
702
167
264
394
898
858
909
126
418
436
327
544
68
734
229
711
836
689
497
999
783
803
637
583
108
786
569
759
632
389
147
23
246
101
108
144
959
16
961
377
452
287
611
520
711
841
921
547
219
108
235
2
911
562
275
709
37
844
468
359
923
305
383
169
407
491
313
365
507
273
432
649
251
734
168
962
264
88
198
483
196
433
175
797
995
140
506
32
984
664
391
907
969
464
75
65
955
78
431
151
41
863
800
292
286
658
945
550
437
142
724
323
576
589
120
260
730
316
983
713
670
374
309
638
528
384
394
173
152
825
324
194
377
815
176
664
162
120
904
599
263
627
923
529
216
733
479
946
739
462
348
408
526
658
736
53
732
129
226
885
644
241
78
712
746
254
375
908
375
969
507
328
596
119
547
502
542
25
137
280
487
485
378
12
142
113
757
875
243
983
449
577
223
527
288
659
471
353
567
846
322
764
864
608
883
410
109
114
126
246
84
613
421
462
316
254
575
72
128
508
745
577
85
659
794
373
317
264
417
884
801
739
337
354
346
219
765
145
23
581
81
107
193
502
569
199
756
144
271
574
342
16
841
117
365
324
491
682
589
598
256
79
336
593
433
372
813
197
207
526
778
288
634
662
480
202
551
927
36
823
500
69
529
31
186
894
355
367
265
944
965
521
22
991
114
456
362
617
343
259
142
812
547
776
163
718
669
714
644
395
226
143
464
445
865
341
28
220
708
294
854
673
815
877
663
929
22
716
545
55
975
378
557
212
844
720
930
202
124
573
598
40
406
752
486
271
92
514
181
491
808
34
163
313
601
516
932
623
231
477
369
897
545
926
799
388
336
728
591
150
991
879
190
86
320
676
47
103
881
228
594
378
263
447
691
864
963
623
177
885
790
546
471
334
161
269
412
187
687
693
337
677
261
218
453
582
584
501
375
464
729
969
843
992
415
223
856
67
846
32
642
325
268
112
349
429
381
452
307
67
144
334
434
406
552
888
678
136
388
52
290
807
711
132
799
816
46
344
883
582
376
525
908
334
327
256
453
709
398
760
466
543
94
591
639
646
168
316
472
246
58
763
52
769
895
851
584
941
194
156
523
260
371
120
594
699
66
47
97
465
497
563
698
591
844
336
237
11
342
709
257
400
161
0
859
56
851
132
687
736
288
900
686
660
710
280
48
777
17
145
932
514
398
629
105
242
655
32
944
997
431
892
86
593
892
635
339
432
767
716
167
745
306
854
404
706
824
142
482
531
287
103
735
686
422
840
618
76
562
561
763
684
142
849
967
33
483
996
466
940
711
323
685
707
867
779
413
380
922
585
601
208
689
336
584
801
866
201
878
428
453
330
802
595
179
768
319
352
763
475
292
163
488
667
871
45
445
974
425
366
558
26
265
937
52
849
738
918
741
305
35
193
635
837
478
504
294
487
857
56
962
839
911
450
505
781
495
950
754
610
6
1
326
271
939
378
810
676
296
550
981
331
433
305
859
602
810
152
88
356
900
741
194
810
881
389
280
65
28
724
675
34
725
692
996
663
760
806
28
55
45
699
77
169
4
936
771
814
778
549
169
677
289
53
486
169
442
766
234
160
489
600
195
905
291
881
567
50
376
286
797
112
985
564
281
989
189
51
492
967
290
661
334
580
404
820
749
846
276
674
697
765
273
582
669
254
462
927
995
529
212
481
641
887
44
922
876
924
663
57
581
953
409
915
532
813
424
972
349
700
645
45
155
608
627
514
552
779
440
546
307
342
27
948
229
762
559
795
376
221
852
957
865
260
561
86
764
985
57
112
685
392
157
840
690
474
353
241
252
484
478
560
516
505
197
435
957
447
229
22
668
772
979
222
31
539
309
795
524
56
597
899
449
754
738
829
918
781
70
170
955
548
420
161
743
307
596
389
754
826
412
112
597
80
334
318
620
643
804
834
700
400
422
839
845
159
357
762
630
117
622
275
665
732
436
97
730
31
177
483
547
589
595
834
359
620
152
669
953
646
502
342
736
924
871
580
773
228
32
93
345
344
58
701
767
494
488
496
215
665
979
763
944
264
596
303
574
438
972
526
774
164
869
510
778
429
780
241
657
812
334
693
847
82
393
613
576
881
108
791
236
86
243
179
40
530
172
614
658
144
831
432
999
389
632
776
818
411
707
165
223
731
858
69
813
250
682
78
821
480
560
56
256
803
927
297
22
98
601
681
933
121
803
621
510
434
87
18
845
794
874
758
525
731
827
27
671
198
106
181
678
666
238
625
468
855
922
181
953
212
862
576
24
354
196
224
788
283
242
632
77
115
80
292
536
907
319
206
796
425
78
163
781
316
788
249
170
399
430
813
302
982
388
326
335
585
550
813
558
483
134
325
288
214
617
825
812
627
721
297
742
799
460
523
805
939
462
665
27
582
478
19
563
556
345
588
831
586
90
389
68
224
714
46
439
21
871
941
648
282
237
389
771
387
912
266
15
373
931
43
955
98
753
207
655
98
485
485
374
575
564
442
800
278
488
929
299
49
559
637
21
796
716
482
873
628
748
889
691
679
622
336
777
374
233
121
162
719
607
536
293
170
668
783
138
847
401
127
586
650
764
297
445
480
779
8
798
527
587
178
896
208
514
362
272
748
484
125
156
781
351
139
641
19
923
780
556
13
907
832
664
361
128
799
531
907
807
328
123
83
196
18
982
711
71
254
148
555
69
304
335
420
133
976
129
55
445
375
760
352
206
113
403
334
912
934
932
409
952
54
492
147
764
474
548
835
418
386
79
177
380
414
597
514
79
417
259
525
792
18
567
999
131
660
22
734
593
954
142
234
699
324
381
152
798
620
987
906
5
65
82
386
169
370
900
939
787
849
153
268
868
720
957
689
69
980
422
352
623
254
586
11
579
658
163
66
277
840
973
973
595
54
358
764
114
948
703
901
487
546
169
354
957
125
42
25
795
155
378
108
409
964
119
988
621
974
54
588
813
717
561
408
461
609
862
576
247
254
476
734
801
335
778
757
151
510
782
636
665
850
744
74
814
554
752
124
527
496
403
29
212
964
437
674
262
990
249
509
243
415
933
43
441
710
490
592
220
963
227
885
812
972
649
315
215
91
440
742
587
843
461
800
496
589
473
758
578
412
958
821
827
890
555
267
290
44
549
510
6
777
84
509
438
424
824
653
515
954
84
101
796
235
591
982
824
63
430
401
165
77
913
993
657
467
950
947
201
499
146
899
966
922
407
93
35
921
436
550
875
210
341
360
445
933
342
269
686
772
670
852
849
582
534
505
739
173
142
631
362
288
529
327
900
626
420
935
546
546
484
110
756
516
471
201
138
813
470
514
274
830
55
813
412
589
7
841
453
840
471
815
128
690
142
27
5
252
653
242
799
827
352
554
342
823
445
170
325
915
685
289
745
740
101
847
19
800
377
472
639
539
286
457
228
118
175
925
371
828
166
860
654
208
103
687
31
549
857
46
153
541
336
588
972
127
434
991
927
502
462
566
40
438
22
268
557
888
192
618
715
48
167
369
257
270
55
979
509
602
715
663
834
50
250
805
178
375
485
795
877
637
360
917
74
73
875
321
961
758
939
366
806
796
735
753
66
480
731
575
81
446
928
605
186
869
409
54
243
894
850
119
530
900
726
295
663
600
616
624
357
245
680
854
40
414
606
106
584
27
372
355
163
990
961
349
858
369
94
100
954
944
910
483
843
635
778
506
926
84
820
282
329
499
135
369
603
432
166
186
459
228
231
312
217
191
661
75
251
755
866
895
388
466
67
922
100
846
427
716
620
937
999
949
125
824
317
728
946
173
604
404
401
835
406
619
717
67
384
658
512
940
552
591
405
619
512
506
154
629
912
774
565
910
722
690
424
730
107
59
593
711
464
995
235
870
303
642
627
377
299
830
316
851
110
722
160
622
918
314
250
829
779
505
429
190
194
543
610
301
602
203
702
65
888
937
626
190
579
943
567
568
462
573
109
262
294
269
884
211
273
824
731
742
328
159
933
212
702
542
203
303
435
905
59
322
532
375
202
801
7
459
368
160
32
477
422
326
436
306
228
400
820
959
141
839
117
73
50
819
306
945
812
431
849
871
444
70
245
646
871
944
105
930
103
137
96
525
463
533
521
381
933
31
339
764
870
456
838
920
965
834
864
467
264
403
337
398
163
273
44
34
216
149
654
9
977
750
534
129
973
746
511
595
777
850
359
646
997
887
255
651
720
810
117
674
212
145
72
375
418
807
99
324
956
443
333
622
193
557
751
856
993
261
451
459
802
810
104
488
696
50
138
105
860
947
469
762
91
231
827
199
37
617
213
683
59
236
304
943
793
55
799
476
6
940
935
808
439
730
986
825
780
815
930
329
761
88
781
542
320
297
431
47
604
644
731
664
880
34
296
362
780
785
838
787
724
773
284
162
502
961
987
972
775
606
991
535
695
771
767
705
758
197
752
362
841
172
716
720
898
11
81
677
487
610
153
210
382
128
63
574
88
740
235
863
36
225
87
421
686
854
125
443
741
567
805
271
740
520
991
327
222
762
3
709
371
848
609
443
976
362
707
754
102
942
616
829
166
393
249
852
937
64
986
677
321
790
948
751
0
628
77
913
79
81
621
141
619
920
584
594
282
982
347
74
923
653
903
780
45
151
321
982
906
306
348
226
787
295
978
787
613
54
699
692
826
9
833
134
929
107
418
210
779
455
284
701
107
877
480
843
718
802
514
623
798
862
850
584
847
517
60
149
261
449
842
778
458
364
912
77
161
330
978
940
785
953
331
583
829
501
425
547
302
630
860
100
491
399
374
28
916
435
177
868
884
709
645
32
764
246
800
925
266
777
555
742
729
886
324
248
386
439
485
379
68
344
169
250
744
543
969
659
668
836
216
242
545
551
274
308
488
764
923
754
540
477
185
960
52
199
207
129
639
692
508
397
726
367
337
469
600
996
819
268
832
34
510
66
586
474
64
73
237
987
517
777
154
703
426
897
902
323
25
230
705
223
318
431
590
345
900
190
31
718
458
863
443
658
619
719
131
683
482
368
669
999
835
513
391
952
410
984
274
435
904
980
349
912
410
939
948
309
819
979
718
967
531
160
624
149
569
445
832
50
503
190
739
338
704
821
980
113
494
253
238
397
232
587
1000
642
216
947
642
34
615
49
1
145
900
315
294
468
761
816
518
263
5
947
291
399
767
270
512
260
524
441
348
446
718
37
779
934
984
420
659
288
469
350
433
368
665
417
526
115
232
43
69
928
680
50
327
447
321
529
397
535
970
435
671
378
472
449
1
145
559
660
433
27
700
556
85
55
973
611
170
895
344
239
513
715
290
840
852
301
368
248
526
28
684
196
406
846
336
407
992
895
758
114
613
457
671
388
512
333
690
373
919
724
302
431
438
282
270
289
273
328
538
799
356
912
686
452
447
712
550
438
606
307
243
218
454
914
297
657
937
987
29
855
710
21
976
148
304
245
437
577
264
665
66
620
266
442
763
714
153
312
842
449
309
84
358
763
688
655
109
625
641
829
169
350
851
145
188
154
80
626
421
344
981
487
655
938
619
417
341
772
729
182
912
728
958
269
180
645
924
290
960
254
118
820
294
659
655
483
503
735
799
925
79
779
101
424
406
721
841
747
182
259
930
93
987
577
52
166
912
666
146
872
920
956
381
214
614
35
697
117
770
185
732
539
964
833
963
370
243
493
807
426
752
736
209
428
312
262
285
224
928
431
786
538
76
166
442
381
892
138
498
351
13
920
891
977
752
543
36
686
36
844
111
478
269
10
597
272
963
882
186
581
2
972
118
79
828
250
460
409
78
648
760
91
567
650
758
8
884
795
694
610
328
495
87
287
196
684
559
158
255
435
429
258
96
237
27
614
487
177
22
565
825
783
656
81
122
414
89
5
899
474
615
917
659
393
203
855
767
453
704
22
578
132
971
675
370
998
288
857
174
311
112
689
93
768
770
215
181
549
912
770
713
526
686
372
609
580
226
376
32
930
88
300
753
58
975
122
746
263
669
610
264
781
298
47
239
758
953
110
997
864
881
710
80
256
81
689
836
998
755
558
618
843
859
60
591
833
182
336
786
541
636
49
12
934
96
942
381
49
51
378
603
622
87
683
879
859
62
404
546
817
963
854
350
511
914
941
343
786
968
820
327
603
559
29
227
346
971
608
85
712
986
688
334
763
61
903
311
123
306
858
630
268
711
980
469
625
611
813
100
268
322
427
561
881
146
788
226
807
396
311
519
71
690
543
525
751
445
836
564
751
383
193
710
785
864
178
99
474
681
199
432
2
317
993
574
463
781
490
270
867
492
479
628
181
21
152
622
466
679
185
216
61
378
926
536
241
795
635
405
475
835
527
168
151
520
742
304
991
231
264
857
413
743
484
594
764
327
215
229
5
400
136
757
469
752
984
400
546
618
806
21
142
332
880
984
542
621
288
532
542
242
78
956
986
563
239
439
580
455
669
275
545
495
31
13
246
705
104
483
323
910
194
155
932
73
139
164
384
117
696
926
359
775
571
344
27
811
474
607
265
142
572
500
327
293
204
263
999
308
746
321
908
940
476
529
703
305
693
86
422
389
703
782
854
273
816
571
83
289
177
38
121
749
539
448
41
433
402
730
741
147
50
338
778
217
867
480
522
560
257
945
639
960
416
182
232
922
753
316
902
620
44
713
58
583
852
790
15
253
520
446
400
570
784
868
477
651
38
1000
901
295
634
229
945
740
411
176
661
163
182
252
783
227
966
841
500
817
630
206
69
149
652
159
410
126
27
887
777
756
576
367
50
209
596
685
949
6
861
300
860
734
552
642
651
207
172
150
714
802
46
783
642
699
633
742
515
350
628
982
105
895
348
846
103
944
530
743
640
80
733
499
504
975
831
154
182
2
996
896
494
41
369
826
430
692
567
945
41
886
926
837
780
273
682
573
907
211
5
236
982
428
735
486
403
565
640
275
257
325
170
442
367
229
267
487
921
525
432
652
410
357
488
880
321
169
142
918
70
148
154
52
576
889
538
669
144
868
944
91
193
805
533
250
724
491
737
645
15
168
987
425
216
475
995
227
334
136
144
405
284
298
147
551
878
375
910
712
242
854
803
125
348
26
65
71
517
803
406
532
661
393
647
567
868
641
484
201
777
629
296
752
617
443
993
184
818
902
896
60
755
389
876
102
105
942
865
622
434
270
844
785
663
490
42
530
130
526
422
597
845
718
348
462
161
30
646
979
933
232
729
377
311
295
480
416
927
34
728
50
304
571
835
968
60
877
187
881
93
609
477
938
327
516
399
178
546
736
847
478
658
576
856
969
561
25
74
487
59
802
537
53
372
61
20
122
629
208
2
722
507
479
659
834
685
749
702
231
174
549
399
832
815
945
490
375
660
564
862
409
55
88
463
427
149
173
549
778
381
241
189
889
720
539
412
95
287
805
326
151
353
415
673
167
360
162
232
710
416
93
119
471
872
272
588
20
445
827
489
517
67
678
405
477
216
507
572
193
311
588
34
664
3
707
521
53
559
753
763
665
536
572
826
407
534
103
118
980
930
607
496
997
975
591
164
882
97
736
74
99
14
800
453
17
506
975
761
756
417
213
420
954
476
937
360
9
39
478
989
970
775
174
656
750
765
820
631
553
246
395
652
260
194
104
968
391
769
728
146
186
941
256
139
416
192
189
116
923
358
104
892
823
970
237
572
734
748
893
977
684
288
318
944
172
423
601
563
882
328
399
67
959
346
897
65
228
777
181
150
825
976
732
647
945
970
910
369
407
802
345
90
780
664
724
953
777
324
205
658
342
605
726
300
951
312
55
869
88
236
19
913
212
751
250
847
410
159
215
817
961
251
907
741
605
320
383
381
644
588
729
986
192
144
286
833
457
31
702
235
268
411
148
170
161
88
707
572
247
923
78
898
864
676
638
468
996
20
539
640
299
267
625
181
412
601
14
869
633
406
794
591
507
942
451
668
720
157
930
967
770
699
865
633
374
192
791
369
904
329
699
202
287
14
383
699
615
87
257
938
183
50
218
690
683
669
48
402
827
668
369
286
366
924
610
740
115
400
800
709
420
498
911
707
202
985
405
818
762
352
445
946
402
664
325
775
22
63
177
539
732
236
826
97
850
435
528
965
525
17
674
945
205
274
651
408
258
746
916
711
788
360
656
190
714
671
655
427
735
832
966
466
758
481
253
607
916
471
262
441
178
626
75
384
590
727
792
539
162
397
249
951
447
905
831
161
265
175
278
1000
698
243
155
455
725
99
753
330
570
705
771
749
330
537
823
920
954
304
458
115
701
707
756
147
301
276
999
567
452
276
256
840
210
412
294
935
201
737
955
771
441
726
209
771
953
722
381
906
25
839
711
726
236
467
564
227
433
562
484
575
529
741
414
739
843
399
363
43
135
317
504
267
733
404
728
685
125
108
590
151
638
301
567
564
458
130
791
581
383
275
156
912
15
260
340
548
659
703
281
485
710
785
752
443
188
479
818
4
278
98
846
916
89
412
479
547
233
960
127
616
234
974
217
940
234
247
487
583
640
768
67
349
243
509
482
121
679
991
125
957
88
971
562
177
383
731
414
306
690
541
922
925
205
829
864
129
75
41
712
715
809
470
754
51
669
927
864
347
917
989
994
4
650
555
872
723
976
285
28
666
516
640
590
721
468
143
540
233
184
252
638
684
412
391
425
80
317
288
118
924
968
111
618
617
357
489
339
332
774
367
688
981
6
277
391
164
111
932
397
986
183
34
669
285
115
785
365
123
72
483
46
39
285
665
656
642
153
995
664
618
51
352
288
57
319
679
221
430
610
308
106
483
342
775
768
148
559
824
271
322
306
317
361
281
672
708
923
516
392
277
133
444
319
111
191
638
790
413
759
90
411
865
573
444
329
31
592
579
855
863
901
851
870
952
132
542
659
745
57
742
21
881
185
340
992
66
669
781
479
117
561
581
672
134
24
691
165
616
269
710
168
860
560
37
812
692
269
160
437
326
902
148
897
777
489
888
844
848
359
12
655
920
593
326
744
617
16
599
923
286
308
90
145
869
128
647
250
397
808
687
414
399
836
310
867
14
889
710
552
247
412
206
857
5
532
601
312
238
199
926
214
508
15
50
66
834
697
316
922
194
694
335
284
529
335
150
233
223
550
785
160
962
991
17
657
212
308
660
450
507
585
665
705
600
715
461
434
101
468
45
296
161
380
580
690
405
730
923
319
279
397
479
931
387
186
588
599
494
247
739
692
832
403
86
121
808
548
245
910
706
290
205
867
360
475
556
766
895
168
84
864
565
253
794
642
440
71
931
624
318
669
5
840
72
92
652
880
330
897
479
35
878
684
902
237
849
147
693
743
5
777
606
260
721
90
592
851
161
522
474
480
190
170
9
262
262
661
833
282
248
311
7
125
686
599
52
534
436
746
968
131
212
263
81
933
353
673
473
515
194
948
685
384
808
384
337
760
45
860
41
984
170
739
799
546
337
851
771
463
596
738
594
499
0
675
431
44
347
905
559
231
542
934
615
39
317
642
799
52
501
530
35
362
268
834
908
295
375
678
758
661
105
41
159
797
406
281
841
443
876
89
674
107
22
979
146
339
621
945
392
121
164
117
173
432
642
81
417
16
449
865
677
245
906
527
41
311
808
572
444
683
661
117
480
683
95
626
21
406
260
103
218
424
221
391
546
863
162
653
879
612
517
245
547
112
772
588
113
269
850
557
642
510
674
121
192
459
437
904
866
387
7
83
811
228
474
46
781
637
699
349
939
906
594
175
17
56
763
130
325
302
687
968
812
50
779
694
510
216
597
375
603
294
148
104
212
622
841
993
949
230
341
577
135
936
752
153
682
204
974
6
506
351
664
317
401
443
701
601
349
298
666
952
282
814
746
495
126
277
487
765
507
519
342
642
144
784
485
826
989
459
832
184
810
496
192
901
629
893
502
978
190
858
619
473
672
365
658
488
642
144
252
839
663
594
480
497
68
656
322
56
805
845
240
614
30
122
204
659
15
396
326
896
254
945
368
926
1000
716
413
331
861
355
169
213
640
340
711
708
996
723
454
800
567
384
103
597
507
307
946
522
394
271
417
648
216
476
263
215
191
366
547
742
721
406
956
360
746
356
67
741
769
211
540
336
596
333
623
102
641
569
314
725
840
731
372
55
897
635
962
88
0
508
830
411
604
475
772
350
521
529
90
290
431
321
316
26
654
939
819
985
507
132
709
347
553
771
92
450
95
53
538
95
251
57
197
856
223
659
205
744
187
986
724
308
997
730
334
341
669
152
15
175
975
415
212
528
185
305
978
281
48
205
66
300
262
263
846
485
922
741
920
800
416
333
107
413
63
132
754
732
975
459
597
950
874
500
477
750
495
144
30
543
349
787
533
611
50
378
787
662
809
396
151
225
419
950
638
482
81
81
904
746
540
191
695
104
691
862
854
185
5
884
418
354
360
952
656
410
19
132
763
829
528
604
53
947
553
381
119
324
462
22
70
692
904
765
796
594
317
649
469
322
222
578
367
583
529
22
683
238
845
445
66
372
49
810
8
292
190
127
617
652
841
687
344
744
141
139
28
148
479
187
471
701
765
528
283
984
240
967
222
84
101
288
456
841
98
154
133
979
282
440
631
122
126
665
556
958
494
584
106
973
772
267
364
226
485
647
210
725
303
432
809
405
410
955
245
198
108
68
177
80
508
498
893
324
853
449
282
36
723
78
9
184
35
63
411
520
710
621
244
13
743
743
108
152
387
353
41
495
112
218
266
620
406
158
945
258
607
917
294
330
685
994
514
720
56
615
930
457
235
173
470
668
606
578
821
993
621
862
487
423
770
753
43
866
602
678
123
208
284
107
228
969
792
433
378
848
47
307
304
974
170
464
641
776
732
151
768
43
703
945
466
472
388
199
337
990
877
150
888
851
949
116
819
740
239
887
277
286
193
582
259
53
736
591
829
158
742
596
201
445
541
667
607
619
557
635
608
433
475
495
284
423
301
793
162
540
370
440
517
253
712
776
307
137
56
135
295
799
422
496
243
653
854
540
271
410
174
879
533
650
63
507
763
365
300
926
595
670
55
111
923
457
578
920
594
634
55
890
432
167
385
365
820
929
596
781
338
770
349
872
109
412
378
873
467
368
488
62
728
233
173
341
690
751
260
974
75
5
863
197
172
939
563
682
867
849
152
205
618
501
767
418
914
835
981
70
894
158
132
621
81
997
652
771
437
913
744
512
608
297
710
471
235
963
843
101
811
996
997
118
496
453
226
99
979
206
170
562
54
993
182
135
679
525
596
116
127
30
318
735
327
27
205
252
680
48
43
180
43
731
299
229
183
525
329
852
422
189
413
166
872
286
302
551
811
898
357
938
928
675
362
945
393
258
196
72
306
240
944
39
971
242
959
844
457
978
696
569
166
799
736
729
84
728
279
585
625
326
522
243
0
575
187
393
833
74
156
138
314
99
868
975
31
826
818
178
804
203
748
660
2
173
78
777
901
47
362
215
373
574
458
374
148
336
457
981
410
303
809
724
92
366
388
123
192
205
993
686
99
430
35
101
603
114
878
193
161
930
408
535
504
557
599
652
893
746
323
302
49
131
716
141
188
103
956
380
308
948
756
97
377
481
889
670
285
457
863
137
386
961
362
890
517
961
232
409
706
555
711
445
376
426
587
564
219
232
634
218
179
79
315
246
561
204
916
846
661
468
983
46
428
344
627
946
995
859
44
391
103
446
836
479
562
112
734
782
344
367
1000
213
447
314
149
698
208
64
233
559
222
907
606
651
941
923
286
936
471
20
16
574
466
852
743
28
655
476
810
689
534
499
593
671
503
742
368
712
497
291
270
719
197
566
59
138
178
35
764
649
56
780
913
212
321
656
240
666
822
740
355
45
929
638
716
432
379
774
834
876
65
794
285
262
50
34
90
228
70
854
568
817
323
480
28
335
826
960
0
648
389
45
693
8
683
99
130
62
873
964
628
938
447
603
891
187
638
671
416
398
525
984
214
538
153
933
873
980
582
874
317
662
609
9
670
292
799
800
354
672
453
672
299
590
275
189
778
913
861
884
310
75
557
214
303
710
837
176
689
419
740
696
80
348
396
440
640
194
930
684
866
382
356
165
662
631
44
439
233
595
12
233
670
569
447
974
279
283
840
658
392
269
44
162
617
440
602
948
634
531
321
500
603
677
355
956
998
399
394
921
995
97
153
354
666
290
17
635
264
547
984
656
816
27
819
123
467
110
761
100
332
81
290
935
449
645
890
136
735
975
57
729
71
901
773
427
882
791
62
145
337
45
801
844
763
309
967
229
420
727
19
752
498
310
376
947
955
957
83
379
621
831
107
382
731
571
809
612
51
871
447
78
606
248
922
368
247
578
287
357
304
307
108
803
307
175
439
952
822
522
331
442
352
128
824
774
699
322
75
750
884
523
829
489
461
440
548
708
18
525
65
322
522
864
815
829
38
254
471
550
466
802
992
819
930
505
282
629
518
357
68
401
880
587
580
340
27
818
739
45
343
804
57
555
667
873
74
396
817
545
946
282
346
628
791
275
823
72
594
340
120
353
741
690
940
11
30
967
829
459
11
171
262
760
417
929
322
491
14
138
35
651
110
381
278
592
346
791
354
631
131
474
984
562
164
923
573
885
580
92
343
281
954
295
40
370
914
362
861
929
190
586
579
992
967
547
583
3
27
937
634
158
101
307
411
956
920
674
530
499
456
563
471
410
858
511
780
771
564
331
389
444
917
658
435
574
204
708
267
232
645
591
80
436
898
181
391
817
546
921
6
1
483
477
101
30
678
882
801
241
903
190
376
819
538
811
82
743
519
349
665
854
940
435
289
527
307
370
34
543
981
40
544
463
207
646
493
885
217
984
817
810
864
192
628
402
693
401
835
902
750
189
755
380
624
734
907
621
103
941
163
774
671
398
236
878
734
419
763
951
403
269
760
957
461
77
358
844
168
192
746
919
381
500
989
696
925
895
316
718
526
170
492
196
568
418
74
301
838
527
942
931
796
391
887
947
158
936
790
327
818
535
936
199
726
614
585
340
508
591
57
724
761
239
921
18
658
685
9
185
211
641
806
697
31
382
643
881
317
122
898
135
348
523
24
764
136
299
103
334
890
851
58
341
90
669
359
438
353
369
623
254
9
118
951
732
500
283
302
508
95
199
643
443
722
357
206
548
656
309
882
235
160
940
576
941
298
936
378
651
995
0
905
694
118
545
425
308
828
417
816
924
616
148
56
27
505
263
265
851
262
147
86
422
777
662
362
75
287
430
416
281
120
321
976
238
866
90
237
384
508
52
998
814
201
53
532
396
6
797
938
269
634
23
381
101
375
434
176
353
864
592
634
985
603
299
913
159
80
149
233
588
893
230
91
93
974
313
179
981
110
116
249
434
830
630
535
896
754
401
248
618
684
572
602
286
562
204
135
642
354
368
920
937
288
10
29
262
14
899
242
815
706
181
248
225
501
784
120
255
875
58
563
558
631
855
535
192
58
360
524
102
729
443
38
16
143
758
969
157
657
901
972
52
772
911
277
273
384
398
218
258
456
471
817
777
325
41
659
383
401
182
176
820
315
214
527
149
663
495
306
9
396
969
61
167
879
338
130
953
426
38
210
573
509
717
349
834
758
699
908
850
571
774
669
887
678
195
35
340
381
31
349
777
690
100
634
258
129
455
210
555
183
421
818
693
828
858
216
586
556
814
125
126
587
794
703
265
680
428
295
60
460
335
527
840
125
160
98
254
305
308
500
489
419
317
872
247
865
87
523
420
592
648
237
178
441
630
133
120
58
119
180
208
144
707
47
269
558
145
524
553
144
714
732
563
30
603
500
586
381
22
696
973
670
933
841
802
253
665
612
311
474
483
209
618
880
256
887
127
92
410
681
236
814
412
489
845
706
680
120
777
702
816
439
62
749
970
554
692
634
165
2
107
648
211
415
218
157
302
345
249
402
25
175
216
128
355
751
834
34
871
300
426
686
739
488
124
708
41
816
32
898
508
830
235
409
245
453
567
547
799
506
639
824
682
855
642
727
295
165
451
165
465
877
852
894
55
666
602
787
482
634
684
680
153
920
89
398
62
656
635
861
852
274
375
533
819
707
950
114
873
400
279
27
277
821
922
22
487
523
809
659
847
183
338
690
793
117
88
855
773
723
406
315
687
781
848
506
487
488
620
49
888
589
77
855
410
999
567
587
211
376
936
748
559
964
437
351
81
525
896
544
939
301
859
625
81
397
821
259
575
440
999
462
720
75
7
820
73
574
96
975
640
31
722
198
685
159
239
456
374
135
0
2
436
549
628
208
636
138
157
210
269
155
363
989
231
60
808
995
634
904
970
965
625
381
162
309
230
92
766
605
227
456
607
353
695
925
561
21
63
408
231
332
564
284
10
485
344
818
479
669
411
138
633
35
210
485
34
440
577
490
735
494
636
342
848
21
957
98
42
710
507
964
41
70
248
742
555
282
559
724
951
660
553
273
695
763
449
420
202
25
910
628
210
236
970
57
257
616
846
299
326
352
262
57
112
200
800
357
173
358
772
814
709
324
87
403
777
536
513
669
251
423
296
461
659
956
208
916
572
54
905
898
96
857
955
900
748
754
947
921
803
718
734
511
732
511
604
198
737
117
868
989
230
163
139
889
810
38
494
381
783
88
278
879
945
232
468
382
677
105
302
479
513
727
680
245
237
283
133
665
400
0
653
630
855
482
208
664
520
392
44
302
480
12
872
115
935
29
497
611
134
490
780
648
216
459
583
143
743
716
808
833
407
150
153
952
323
51
615
533
444
349
526
614
51
397
419
986
116
607
287
942
96
66
589
2
526
862
836
959
267
334
481
674
484
324
625
497
376
930
30
510
969
556
814
19
643
233
5
759
840
983
390
626
48
669
628
264
530
153
913
798
487
84
161
662
408
477
158
474
96
188
984
65
434
488
84
76
721
780
526
560
762
916
185
501
585
503
765
805
656
368
292
834
452
144
495
860
621
343
24
717
222
7
472
656
185
557
423
906
26
949
155
479
554
30
980
829
223
434
324
880
802
616
403
253
760
898
804
70
240
828
788
152
525
259
809
711
506
231
306
223
870
462
702
113
492
371
633
716
495
957
285
297
572
688
240
332
275
43
92
205
871
880
358
86
830
857
797
25
87
102
939
647
254
330
450
437
701
82
152
196
38
127
183
611
505
423
633
780
467
725
675
27
295
32
804
815
889
290
840
666
83
779
2
337
108
453
774
500
535
616
386
574
743
569
875
938
992
507
407
148
922
82
867
216
805
670
30
384
961
561
740
43
29
743
70
828
886
845
17
420
150
403
684
584
972
558
521
654
755
929
492
677
701
48
583
505
719
614
889
369
865
629
102
894
61
863
411
947
707
429
366
548
832
50
131
494
298
652
838
53
270
19
420
971
68
2
476
477
306
54
536
170
683
638
754
744
500
165
690
898
284
747
445
806
487
266
990
785
608
827
528
879
537
948
539
605
641
14
81
947
760
617
117
442
945
561
877
134
416
256
722
700
693
166
196
179
432
185
655
40
703
873
609
239
821
147
534
151
853
615
97
612
922
905
744
556
466
620
690
572
567
412
963
259
268
158
129
391
33
784
121
736
656
420
665
166
567
198
317
419
503
105
721
114
9
465
670
165
775
50
738
341
152
390
291
420
548
420
501
271
203
312
7
549
732
362
406
299
561
723
408
754
828
129
869
528
594
228
693
368
278
120
400
430
510
691
541
748
110
732
19
313
44
717
552
776
78
958
74
329
371
173
83
198
302
952
416
586
179
800
954
458
920
43
578
120
734
809
868
844
541
577
847
275
293
399
50
62
46
816
391
417
989
474
306
290
425
722
876
295
521
519
443
131
563
711
251
987
520
809
831
751
386
367
25
369
456
75
431
503
891
823
610
569
987
916
549
102
638
424
397
849
634
840
980
887
240
230
873
760
39
393
200
115
451
225
484
907
992
916
99
572
428
710
141
414
625
690
516
953
805
603
802
438
132
471
14
373
702
887
823
431
971
23
236
421
248
720
17
239
325
117
502
753
517
643
858
141
22
63
785
827
357
586
955
489
56
969
862
448
546
375
569
516
398
805
937
646
215
954
576
540
761
77
984
277
410
531
109
432
594
894
259
951
169
904
440
225
873
992
364
418
366
623
624
454
428
560
791
333
203
366
873
965
133
546
932
233
76
40
665
671
934
614
311
102
518
441
18
80
123
72
188
179
695
812
634
813
61
424
145
264
480
709
919
303
254
851
536
331
891
891
1
515
505
2
617
713
444
325
793
567
397
981
746
92
482
379
595
543
803
741
497
973
139
106
275
393
647
811
724
537
702
415
742
897
418
359
609
862
684
91
118
772
762
864
864
243
934
148
476
426
579
663
399
718
769
674
111
415
175
525
643
567
941
384
153
48
433
762
600
808
543
718
579
304
271
132
237
204
280
403
631
860
65
29
267
525
393
378
940
258
594
272
825
534
347
978
272
780
429
872
277
972
589
856
966
860
678
893
64
959
295
385
508
361
414
775
886
497
844
515
756
437
478
580
661
825
248
933
294
367
804
262
29
82
117
995
632
486
888
386
134
873
771
642
924
875
106
809
372
640
14
127
76
492
397
427
6
335
359
991
703
853
252
732
625
60
416
257
546
994
643
680
867
104
11
790
979
808
289
40
448
994
858
214
175
946
642
181
280
691
862
673
234
114
94
859
865
511
806
100
194
139
780
60
243
481
541
912
288
520
953
736
513
810
951
378
755
282
249
726
973
110
398
897
915
493
446
779
694
251
569
888
390
348
639
323
829
870
235
117
389
878
853
592
377
493
970
132
775
218
548
438
18
946
334
934
128
780
402
822
722
972
400
802
9
38
125
839
908
50
646
987
928
188
578
304
372
547
126
837
455
674
274
473
310
299
96
128
769
499
951
490
160
40
983
169
78
107
698
986
157
33
972
775
913
239
769
284
476
586
120
931
259
395
93
259
384
881
388
843
379
28
23
229
68
5
88
837
112
477
512
960
510
173
424
422
412
192
706
888
778
827
508
728
912
291
677
986
171
64
828
240
783
851
159
541
856
248
377
658
725
579
307
925
752
731
347
163
614
743
741
391
259
939
809
861
230
486
846
91
240
364
332
714
214
491
254
761
429
322
108
153
901
416
769
343
146
115
506
450
548
938
842
808
876
340
358
796
826
204
578
757
258
910
470
162
90
414
923
210
426
722
53
327
137
822
360
974
627
866
424
175
493
956
673
369
295
30
855
812
925
432
568
182
31
37
345
813
141
958
22
568
679
766
585
816
588
945
790
214
500
904
79
994
859
752
362
844
783
907
655
707
339
222
580
60
950
925
873
91
882
585
349
561
351
934
376
939
568
856
843
67
449
923
60
998
364
112
842
146
19
496
544
48
409
123
108
358
47
982
139
619
566
488
179
607
111
246
545
679
792
388
747
241
0
497
238
364
610
79
201
319
266
745
367
675
558
475
723
295
146
553
914
403
731
784
9
843
29
555
211
821
633
648
752
323
145
991
687
445
760
888
764
716
322
130
390
570
295
804
865
442
356
469
845
86
252
854
619
281
98
831
792
421
478
544
744
313
224
121
758
674
699
211
390
21
341
470
281
637
964
146
769
319
305
303
96
557
156
715
528
946
235
9
56
404
243
491
717
467
612
165
832
310
376
912
21
408
381
303
735
345
139
503
354
444
806
450
691
652
856
909
287
90
918
344
184
161
835
902
318
136
757
149
446
132
60
158
230
132
461
965
167
290
467
211
424
963
352
805
615
207
713
592
988
320
936
172
481
460
764
490
596
210
639
733
32
390
891
263
212
41
227
69
21
385
280
445
347
632
940
652
529
652
244
517
972
870
379
143
20
833
633
616
42
962
348
74
41
929
27
253
970
255
322
681
640
293
125
987
925
64
329
454
406
573
661
68
132
39
902
152
562
534
459
294
185
497
58
227
426
86
170
85
341
183
767
671
476
582
347
90
337
676
544
743
939
895
501
71
624
402
223
185
626
682
479
812
179
538
729
295
314
899
380
655
772
837
325
938
419
362
28
756
38
262
188
977
157
380
738
781
472
652
657
98
333
826
600
202
53
18
187
367
607
258
21
379
94
36
316
203
89
34
649
127
297
528
794
454
908
532
925
379
183
581
167
206
407
457
99
460
475
286
828
82
544
539
461
329
266
467
532
355
502
872
172
489
399
966
633
997
187
557
375
370
829
233
577
235
690
366
385
856
652
903
938
887
442
88
906
398
555
127
443
747
999
615
235
397
270
868
393
458
115
459
518
944
382
94
869
762
150
253
617
803
156
244
379
288
332
284
376
578
411
819
14
100
123
941
497
83
808
581
541
613
730
59
556
111
844
424
563
995
368
180
487
524
424
866
812
447
840
187
715
941
696
729
40
819
669
228
592
167
499
133
780
228
883
26
29
416
140
592
410
508
462
587
31
577
452
533
23
982
410
738
923
105
466
653
614
826
881
206
993
69
29
462
297
912
488
326
327
629
609
428
136
70
14
859
647
157
391
360
138
492
97
751
287
254
94
902
79
665
798
762
735
827
223
31
428
402
48
445
30
347
563
857
417
578
715
64
425
797
114
253
979
212
695
265
156
789
166
926
453
654
687
878
170
910
600
288
1
648
734
31
995
296
579
101
564
984
856
989
780
971
242
758
873
937
23
28
415
880
954
558
224
330
436
394
930
35
683
932
373
106
963
57
92
231
158
657
215
705
335
995
675
267
443
237
894
156
265
308
726
909
867
950
238
302
344
167
27
717
98
400
823
752
457
605
983
305
952
197
700
287
883
374
244
325
301
138
171
566
446
897
474
312
847
402
304
881
570
331
597
358
421
109
109
568
714
783
874
666
670
573
643
552
638
887
567
629
715
738
195
161
325
359
163
862
452
158
742
21
489
338
69
601
137
870
168
851
652
41
206
321
305
539
564
633
426
130
261
140
559
146
992
574
196
846
435
648
3
176
359
182
204
428
783
341
297
952
882
639
683
88
651
678
317
214
0
433
34
262
574
283
98
255
857
294
100
291
632
794
157
991
977
361
419
759
392
406
400
274
45
83
52
696
761
369
910
762
803
634
714
66
918
502
11
774
487
803
756
118
596
913
109
572
965
218
21
356
624
421
630
669
504
372
364
956
742
964
407
234
598
120
991
205
312
1
979
799
804
424
918
400
337
26
662
992
244
683
347
558
795
668
227
989
39
281
944
471
245
40
705
533
160
385
738
473
387
406
962
190
831
879
280
858
595
633
849
529
315
886
87
800
553
314
789
593
285
422
754
530
463
149
753
313
534
180
476
921
587
438
802
107
316
772
655
602
404
193
130
410
78
217
209
632
221
688
915
507
801
668
727
954
817
170
957
351
350
433
962
627
561
453
424
567
225
78
168
319
271
990
729
350
897
629
672
118
6
586
315
807
253
732
450
70
902
407
111
943
840
72
259
90
526
684
657
441
452
826
760
724
815
489
764
711
808
435
519
814
711
524
311
964
256
761
724
848
858
835
480
387
598
740
477
814
113
134
945
565
650
704
979
464
883
742
865
690
867
74
194
577
598
195
541
544
646
955
82
504
480
562
891
768
992
368
581
104
192
525
670
842
919
648
996
802
80
860
181
947
624
65
214
222
260
755
766
907
399
848
410
879
100
991
336
91
48
917
196
240
131
556
772
741
894
767
232
974
317
413
611
941
479
825
162
429
269
619
335
668
156
435
237
256
426
573
38
474
180
925
405
1
480
176
742
373
944
974
37
260
77
648
891
246
162
744
675
431
52
701
789
208
135
25
155
561
289
193
726
159
808
130
160
287
306
593
350
249
256
387
199
23
725
90
269
887
524
635
7
576
335
797
784
160
512
629
412
491
512
137
650
319
267
501
606
263
93
647
203
349
724
402
373
449
182
332
25
706
657
724
281
682
210
756
843
412
384
254
904
897
81
243
906
38
744
202
301
837
849
504
877
572
597
940
711
779
962
427
175
619
150
146
300
50
902
833
462
977
86
365
563
858
609
468
896
42
670
197
570
208
391
136
781
988
75
181
457
727
298
322
345
448
468
336
188
60
168
651
36
946
706
289
803
4
757
699
47
117
586
617
325
667
753
796
345
518
978
492
244
275
814
280
414
972
616
602
31
474
943
758
419
649
46
222
653
804
611
390
611
887
6
936
243
449
732
588
967
399
79
902
364
583
872
778
555
487
70
586
961
12
344
70
351
390
292
695
884
593
84
494
169
91
430
412
230
852
691
888
250
770
789
614
353
660
82
908
837
843
183
487
545
527
557
897
608
539
591
181
822
365
676
991
146
796
93
377
337
784
264
277
553
52
581
596
402
663
193
238
195
377
415
741
594
973
327
892
511
608
73
333
973
439
13
119
234
106
496
571
890
450
848
133
502
428
729
594
782
613
522
977
680
937
407
964
599
734
856
801
341
619
133
4
57
837
814
291
944
309
552
523
759
89
656
951
207
75
234
679
378
756
656
57
382
753
20
982
487
876
782
518
184
605
212
241
131
25
222
74
24
464
288
473
553
634
423
451
709
347
129
777
793
475
834
175
228
545
847
405
110
318
613
295
613
516
536
744
541
759
509
566
222
797
729
466
430
843
607
830
189
736
606
983
902
130
848
820
675
384
224
785
702
527
770
314
42
306
57
274
755
566
530
667
52
258
823
483
100
429
2
290
165
298
963
757
428
810
576
793
193
490
268
585
16
37
899
750
33
646
23
788
903
243
145
955
501
968
127
602
397
820
582
252
118
234
8
546
43
584
29
927
73
297
201
780
334
790
219
368
435
242
846
27
175
991
673
677
959
800
969
45
310
240
297
428
474
996
664
207
269
693
824
