401
382
380
235
589
683
519
854
549
567
687
176
171
54
663
624
928
358
523
533
448
153
539
121
335
251
59
664
262
864
123
354
936
503
589
524
876
798
67
115
54
444
291
226
498
644
540
116
1
62
649
140
906
188
952
931
129
10
285
82
874
98
126
810
291
405
23
166
202
91
281
256
535
262
172
724
907
403
840
598
155
178
738
61
56
689
992
186
390
276
959
954
374
84
763
355
489
787
522
381
568
493
327
102
756
500
516
662
593
355
259
748
534
688
809
590
376
491
466
456
457
424
410
522
198
863
877
687
649
88
67
907
582
85
700
27
275
215
689
868
571
638
615
795
325
114
384
392
605
851
538
61
965
948
273
163
811
150
850
149
238
608
56
510
383
446
537
658
661
916
525
922
554
139
716
569
253
100
651
548
641
189
300
605
827
573
768
637
413
308
477
342
606
223
852
989
669
79
646
19
995
861
942
238
1000
657
498
944
447
839
491
778
27
791
383
545
364
841
872
467
839
348
809
444
261
351
122
930
430
458
950
424
318
581
663
318
928
851
261
375
689
442
843
407
233
225
952
287
757
823
754
595
862
253
730
122
604
852
743
33
310
382
457
628
963
810
636
890
660
587
955
39
29
798
446
953
713
397
239
469
219
683
755
771
936
484
894
539
25
636
572
335
17
720
654
670
219
980
559
570
567
204
609
286
692
54
238
94
451
167
254
360
850
8
131
786
182
24
14
207
350
277
233
367
997
577
727
215
556
285
785
813
179
83
98
561
137
26
656
588
193
910
639
734
608
770
209
790
484
223
687
834
500
920
891
186
496
617
92
743
592
567
555
462
651
344
22
788
60
368
66
945
968
705
678
575
474
887
54
648
800
742
171
991
351
752
176
848
58
268
280
340
526
525
492
176
869
515
964
930
573
29
874
541
734
241
806
898
818
861
235
617
292
406
607
643
157
474
180
906
432
460
246
958
986
738
133
544
943
788
163
206
817
36
747
241
968
242
829
785
102
64
402
84
470
699
728
318
863
598
223
295
58
159
252
734
588
76
277
530
864
441
736
370
167
172
611
135
415
440
920
207
504
11
983
664
401
710
672
263
307
586
248
55
745
191
789
332
267
66
553
130
507
979
190
364
842
802
499
947
932
109
844
435
120
826
789
211
225
461
475
223
46
723
278
791
914
758
814
871
514
56
691
711
725
882
74
256
683
574
202
614
683
46
739
493
562
527
705
788
988
870
701
724
282
669
205
887
426
18
757
630
765
138
340
489
19
415
746
392
679
638
696
51
374
434
234
937
651
629
414
329
498
114
52
471
473
257
47
590
966
804
219
420
632
560
600
651
665
35
42
343
673
428
394
47
862
318
674
203
948
778
222
135
582
274
606
54
222
653
644
878
147
864
298
779
113
898
120
778
933
853
811
295
281
204
32
142
212
706
35
159
173
257
295
755
222
901
810
444
244
453
11
81
6
309
860
119
897
980
587
519
833
397
815
113
291
537
946
504
934
672
663
106
929
958
862
841
549
671
284
483
814
987
564
821
295
423
630
883
93
217
401
616
304
906
419
596
443
54
790
376
726
452
482
345
100
343
185
339
13
160
822
828
146
385
338
131
498
968
13
591
875
105
897
179
10
5
465
453
60
254
829
476
396
1
821
496
344
697
835
48
857
656
566
693
731
904
824
229
561
528
510
126
633
407
996
643
412
460
96
162
404
615
639
800
616
459
296
651
846
821
699
702
167
264
394
898
858
909
126
418
436
327
544
68
734
229
711
836
689
497
999
783
803
637
583
108
786
569
759
632
389
147
23
246
101
108
144
959
16
961
377
452
287
611
520
711
841
921
547
219
108
235
2
911
562
275
709
37
844
468
359
923
305
383
169
407
491
313
365
507
273
432
649
251
734
168
962
264
88
198
483
196
433
175
797
995
140
506
32
984
664
391
907
969
464
75
65
955
78
431
151
41
863
800
292
286
658
945
550
437
142
724
323
576
589
120
260
730
316
983
713
670
374
309
638
528
384
394
173
152
825
324
194
377
815
176
664
162
120
904
599
263
627
923
529
216
733
479
946
739
462
348
408
526
658
736
53
732
129
226
885
644
241
78
712
746
254
375
908
375
969
507
328
596
119
547
502
542
25
137
280
487
485
378
12
142
113
757
875
243
983
449
577
223
527
288
659
471
353
567
846
322
764
864
608
883
410
109
114
126
246
84
613
421
462
316
254
575
72
128
508
745
577
85
659
794
373
317
264
417
884
801
739
337
354
346
219
765
