424
46
750
128
571
343
609
901
246
298
852
941
129
461
980
602
599
779
99
147
63
226
797
290
197
207
33
167
43
507
257
468
243
697
286
504
39
895
405
976
192
256
916
11
717
586
614
6
364
713
153
427
629
640
407
516
848
130
683
891
327
941
358
571
637
334
74
367
228
479
32
420
425
639
432
833
224
736
839
588
138
682
705
768
12
802
283
860
932
657
440
259
287
489
520
614
823
594
981
742
764
704
161
879
342
283
711
256
709
239
844
848
612
238
615
624
730
588
173
351
244
613
300
531
792
820
145
305
104
816
46
558
209
898
436
551
181
838
807
580
76
340
427
378
268
732
1
688
320
174
39
564
478
339
786
269
850
931
264
954
436
310
511
646
208
637
196
79
474
694
659
241
724
86
619
683
508
311
370
828
485
409
392
963
439
177
923
288
798
186
241
233
497
442
879
395
78
766
164
243
149
823
484
873
599
793
245
107
103
616
935
589
715
16
241
153
884
854
131
371
40
62
295
227
504
864
312
273
629
476
516
468
989
690
31
588
482
276
385
586
892
9
865
297
717
796
140
290
340
272
662
70
334
957
988
529
510
299
802
139
465
317
297
453
6
328
731
178
605
115
764
186
816
318
483
532
805
624
822
144
586
173
214
610
820
201
138
330
190
940
159
655
256
456
107
953
785
839
131
79
644
585
265
459
594
439
991
88
62
503
232
338
366
136
948
186
27
86
516
217
716
365
562
663
821
359
615
295
197
436
374
532
21
640
991
615
769
672
393
521
865
625
859
230
451
806
416
168
582
622
75
298
987
637
961
498
996
575
793
884
11
858
415
723
187
95
27
956
457
420
476
321
735
334
552
185
830
658
43
412
280
118
400
957
755
360
144
440
625
628
13
326
485
428
48
362
214
75
317
671
495
483
683
920
507
234
104
336
582
147
438
552
956
528
199
710
888
343
841
513
661
854
529
836
973
578
197
186
343
204
547
529
687
229
448
193
153
243
220
426
390
348
978
346
877
176
746
454
210
276
657
871
130
186
707
102
764
594
979
797
799
525
325
485
445
774
369
288
16
279
714
96
627
382
132
193
558
569
648
768
845
304
329
975
490
726
767
944
319
745
741
808
961
756
293
95
529
352
73
235
631
478
22
948
860
154
141
417
413
789
876
258
92
204
923
273
620
690
216
939
124
647
747
84
403
730
179
622
772
944
548
402
421
570
349
280
414
490
387
828
969
262
776
61
156
388
24
776
768
931
405
893
578
842
667
671
261
537
983
32
480
530
124
901
99
163
180
204
654
567
31
312
520
497
63
366
575
87
833
343
18
237
235
286
769
902
957
29
438
939
752
918
159
876
508
258
38
378
152
382
946
874
385
155
370
448
521
946
536
43
288
554
971
213
840
739
805
486
458
243
114
209
851
273
775
359
222
504
427
374
576
62
248
961
217
308
409
429
253
945
472
231
188
443
134
718
872
940
203
330
182
317
229
723
281
695
772
503
198
199
877
464
261
815
425
169
123
524
598
376
158
760
298
36
893
432
754
765
61
647
785
243
654
13
657
935
708
118
437
596
317
4
60
269
819
175
128
942
389
726
8
237
175
997
273
68
428
26
523
490
673
307
423
326
320
770
952
719
889
388
314
896
82
64
855
902
930
983
843
318
398
541
245
264
537
518
332
656
234
855
836
597
161
949
614
171
409
565
890
988
953
895
573
35
649
428
627
579
100
159
587
499
701
833
763
928
40
785
273
275
329
108
872
180
748
485
351
156
49
932
143
693
516
716
418
164
834
735
433
935
894
711
123
284
233
576
903
273
360
175
238
379
975
110
559
722
285
600
568
25
221
401
408
737
807
826
592
331
250
715
265
143
115
78
118
348
654
20
312
13
195
240
392
169
350
641
581
326
240
839
351
462
239
759
889
737
274
170
67
524
576
22
357
691
100
475
730
754
495
41
457
381
972
849
240
322
179
822
338
419
350
379
571
280
137
150
16
101
10
774
625
586
796
672
277
896
147
6
339
332
738
796
713
709
334
954
721
513
465
749
622
815
127
884
94
264
33
801
55
43
574
370
630
369
42
597
955
189
293
293
211
30
779
925
429
112
568
841
315
32
589
938
537
717
511
322
671
234
122
727
277
697
96
597
756
829
884
401
708
176
694
920
897
163
844
16
966
101
857
281
824
445
909
360
852
419
682
213
653
495
940
620
882
726
908
637
245
481
37
953
658
422
872
244
585
405
260
240
506
116
521
329
252
119
380
103
228
752
6
881
