424
46
750
128
571
343
609
901
246
298
852
941
129
461
980
602
599
779
99
147
63
226
797
290
197
207
33
167
43
507
257
468
243
697
286
504
39
895
405
976
192
256
916
11
717
586
614
6
364
713
153
427
629
640
407
516
848
130
683
891
327
941
358
571
637
334
74
367
228
479
32
420
425
639
432
833
224
736
839
588
138
682
705
768
12
802
283
860
932
657
440
259
287
489
520
614
823
594
981
742
764
704
161
879
342
283
711
256
709
239
844
848
612
238
615
624
730
588
173
351
244
613
300
531
792
820
145
305
104
816
46
558
209
898
436
551
181
838
807
580
76
340
427
378
268
732
1
688
320
174
39
564
478
339
786
269
850
931
264
954
436
310
511
646
208
637
196
79
474
694
659
241
724
86
619
683
508
311
370
828
485
409
392
963
439
177
923
288
798
186
241
233
497
442
879
395
78
766
164
243
149
823
484
873
599
793
245
107
103
616
935
589
715
16
241
153
884
854
131
371
40
62
295
227
504
864
312
273
629
476
516
468
989
690
31
588
482
276
385
586
892
9
865
297
717
796
140
290
340
272
662
70
334
957
988
529
510
299
802
139
465
317
297
453
6
328
731
178
605
115
764
186
816
318
483
532
805
624
822
144
586
173
214
610
820
201
138
330
190
940
159
655
256
456
107
953
785
839
131
79
644
585
265
459
594
439
991
88
62
503
232
338
366
136
948
186
27
86
516
217
716
365
562
663
821
359
615
295
197
436
374
532
21
640
991
615
769
672
393
521
865
625
859
230
451
806
416
168
582
622
75
298
987
637
961
498
996
575
793
884
11
858
415
723
187
95
27
956
457
420
476
321
735
334
552
185
830
658
43
412
280
118
400
957
755
360
144
440
625
628
13
326
485
428
48
362
214
75
317
671
495
483
683
920
507
234
104
336
582
147
438
552
956
528
199
710
888
343
841
513
661
854
529
836
973
578
197
186
343
204
547
529
687
229
448
193
153
243
220
426
390
348
978
346
877
176
746
454
210
276
657
871
130
186
707
102
764
594
979
797
799
525
325
485
445
774
369
288
16
279
714
96
627
382
132
193
558
569
648
768
845
304
329
975
490
726
767
944
319
745
741
808
961
756
293
95
529
352
73
235
631
478
22
948
860
154
141
417
413
789
876
258
92
204
923
273
620
690
216
939
124
647
747
84
403
730
179
622
772
944
548
402
421
570
349
280
414
490
387
828
969
262
776
61
156
388
24
776
768
931
405
893
578
842
667
671
261
537
983
32
480
530
124
901
99
163
180
204
654
567
31
312
520
497
63
366
575
87
833
343
18
237
235
286
769
902
957
29
438
939
752
918
159
876
508
258
38
378
152
382
946
874
385
155
370
448
521
946
536
43
288
554
971
213
840
739
805
486
458
243
114
209
851
273
775
359
222
504
427
374
576
62
248
961
217
308
409
429
253
945
472
231
188
443
134
718
872
940
203
330
182
317
229
723
281
695
772
503
198
199
877
464
261
815
425
169
123
524
598
376
158
760
298
36
893
432
754
765
61
647
785
243
654
13
657
935
708
118
437
596
317
4
60
269
819
175
128
942
389
726
8
237
175
997
273
68
428
26
523
490
673
307
423
326
320
770
952
719
889
388
314
896
82
64
855
902
930
983
843
318
398
541
245
264
537
518
332
656
234
855
836
597
161
949
614
171
409
565
890
988
953
895
573
35
649
428
627
579
100
159
587
499
701
833
763
928
40
785
273
275
329
108
872
180
748
485
351
156
49
932
143
693
516
716
418
164
834
735
433
935
894
711
123
284
233
576
903
273
360
175
238
379
975
110
559
722
285
600
568
25
221
401
408
737
807
826
592
331
250
715
265
143
115
78
118
348
654
20
312
13
195
240
392
169
350
641
581
326
240
839
351
462
239
759
889
737
274
170
67
524
576
22
357
691
100
475
730
754
495
41
457
381
972
849
240
322
179
822
338
419
350
379
571
280
137
150
16
101
10
774
625
586
796
672
277
896
147
6
339
332
738
796
713
709
334
954
721
513
465
749
622
815
127
884
94
264
33
801
55
43
574
370
630
369
42
597
955
189
293
293
211
30
779
925
429
112
568
841
315
32
589
938
537
717
511
322
671
234
122
727
277
697
96
597
756
829
884
401
708
176
694
920
897
163
844
16
966
101
857
281
824
445
909
360
852
419
682
213
653
495
940
620
882
726
908
637
245
481
37
953
658
422
872
244
585
405
260
240
506
116
521
329
252
119
380
103
228
752
6
881
246
636
191
127
52
789
455
297
269
182
249
617
604
121
862
879
216
121
810
723
238
330
742
180
140
121
974
368
874
981
940
810
616
130
628
668
609
82
965
568
264
905
185
559
716
737
127
932
858
937
654
786
958
396
966
97
207
630
465
80
610
94
891
916
915
518
584
523
290
238
91
244
833
967
493
548
703
621
480
560
247
824
36
895
910
692
682
117
321
838
197
621
932
778
537
847
986
811
59
275
739
150
520
572
807
12
119
509
323
289
760
261
113
486
846
22
177
528
830
189
55
27
810
987
495
36
523
481
847
583
756
276
423
966
538
230
669
657
429
992
637
879
943
440
364
789
152
232
6
983
421
61
700
921
738
194
648
261
675
184
534
121
460
957
86
998
877
445
345
997
437
982
565
69
111
620
548
263
852
554
936
963
615
635
573
43
830
220
995
194
405
528
5
865
174
92
553
742
227
898
428
354
569
993
424
680
612
972
633
153
526
569
115
831
894
689
564
413
909
558
608
3
85
613
869
951
395
111
692
623
8
119
977
267
802
90
637
414
62
269
567
278
528
373
799
422
752
363
835
350
611
132
354
697
436
913
337
831
23
28
143
722
838
120
989
639
901
625
743
963
894
0
931
112
373
730
224
124
783
58
474
393
882
518
780
317
430
116
838
143
835
982
865
672
792
853
1
692
477
744
655
61
744
275
173
807
695
397
931
477
145
95
561
717
613
30
33
734
838
872
877
672
853
742
34
334
284
35
25
762
469
370
513
904
646
686
710
340
773
641
508
608
426
759
325
729
479
48
462
316
920
29
679
462
461
403
796
745
128
822
506
597
882
18
500
527
394
210
558
857
541
756
465
657
204
480
385
683
528
538
690
138
567
368
600
27
461
86
772
589
598
969
185
479
677
376
697
71
276
254
618
507
700
773
163
904
252
238
586
471
776
275
609
342
333
899
59
794
675
522
382
272
490
258
752
857
324
448
618
290
392
236
797
91
8
650
995
952
888
270
422
664
236
721
696
569
619
446
53
294
968
125
256
147
73
7
3
397
145
622
687
227
548
173
318
246
823
2
197
711
964
619
374
199
29
760
768
649
205
511
633
863
637
889
9
710
587
704
798
422
15
484
650
563
658
658
499
170
351
697
881
314
5
945
513
35
395
971
374
600
172
6
463
809
585
162
208
862
556
5
284
571
490
624
824
838
281
323
7
322
19
579
636
24
523
839
750
918
500
123
208
672
820
361
170
405
523
378
266
79
384
240
340
564
864
164
401
836
177
98
157
196
677
484
911
891
12
351
498
202
474
396
874
294
757
43
389
971
422
345
740
496
586
79
59
139
934
460
975
110
248
823
997
616
997
598
196
699
949
384
902
112
781
775
96
227
509
485
197
621
521
627
116
797
397
175
936
330
325
601
131
573
113
127
879
109
415
74
808
53
459
709
166
930
174
262
156
683
438
44
303
959
671
109
755
67
284
690
398
609
981
219
872
93
36
751
893
452
515
391
505
664
99
361
593
964
624
750
336
752
794
329
710
154
438
464
222
722
844
310
20
825
529
583
608
255
23
501
707
538
892
903
202
681
954
485
645
267
925
671
18
718
0
728
563
438
882
785
851
416
785
561
240
3
143
538
258
166
38
656
395
620
248
287
992
201
772
326
469
697
997
487
104
997
215
667
125
787
141
976
202
926
536
132
929
370
671
187
536
399
843
621
710
90
908
701
982
680
26
450
376
22
938
170
710
843
838
835
629
669
810
832
595
35
654
523
405
324
400
632
414
933
252
123
22
851
824
4
530
850
144
596
562
81
456
271
614
293
105
934
963
605
455
247
641
108
460
736
433
861
57
537
793
0
660
506
851
483
200
70
22
344
356
584
116
812
546
420
796
651
353
758
256
808
695
587
917
154
12
39
14
70
576
498
761
235
3
611
408
203
371
120
237
727
394
43
538
940
464
333
591
507
781
537
315
475
814
922
630
826
961
334
586
226
832
346
151
835
647
559
728
17
679
656
434
72
389
663
703
853
996
293
360
467
520
365
632
333
286
952
158
246
286
745
162
808
781
313
643
428
872
60
445
240
406
880
2
796
232
705
338
918
688
388
384
207
753
707
540
38
658
389
975
634
824
136
442
604
449
775
31
10
525
167
941
932
737
944
417
969
648
755
886
26
143
961
233
586
667
464
625
14
543
289
649
366
116
781
660
255
555
692
266
770
549
206
391
285
840
808
944
178
253
829
204
86
789
437
672
145
591
987
160
133
967
499
189
82
279
850
337
524
231
293
293
780
190
685
755
29
182
698
207
435
216
411
211
696
539
884
841
820
560
691
954
526
189
833
608
158
682
636
682
603
929
666
382
118
40
827
839
222
214
45
348
431
147
559
817
376
132
657
195
383
38
839
909
227
672
207
386
43
843
758
647
461
423
719
270
463
546
108
376
450
844
414
571
681
663
387
56
796
735
943
178
773
471
777
1000
142
984
75
186
516
834
523
668
256
241
938
410
787
736
786
928
579
199
498
260
552
886
6
37
620
639
215
82
110
683
81
943
356
848
819
873
681
341
540
627
583
167
36
59
903
512
987
171
401
485
431
954
60
128
991
370
457
897
452
567
579
223
200
935
70
18
497
441
360
727
68
633
584
795
382
486
307
59
658
398
234
779
351
294
597
32
664
54
929
806
621
197
28
821
822
790
530
9
230
580
736
298
212
320
784
284
496
781
343
153
178
577
623
530
871
219
252
224
273
180
29
585
67
749
95
889
538
625
588
768
895
324
757
106
334
230
391
830
10
424
674
188
1
987
408
872
205
660
787
169
530
816
754
597
254
539
176
792
164
764
250
58
778
697
856
111
927
937
632
937
360
996
124
51
672
533
924
877
883
400
45
413
906
489
700
160
28
876
952
883
640
892
631
107
588
176
910
514
803
231
140
163
226
265
214
898
488
828
464
370
227
200
473
133
689
173
984
407
48
625
289
378
517
611
176
795
787
85
309
590
316
139
443
232
404
347
820
582
866
283
643
783
173
115
916
553
979
589
960
718
214
940
786
421
240
962
215
26
46
214
306
362
354
749
284
448
787
103
30
652
77
673
434
250
478
40
493
457
629
143
865
533
82
650
954
12
612
860
729
658
73
35
711
117
474
995
566
260
789
286
602
866
649
36
806
126
767
299
273
85
442
137
619
214
788
262
917
89
121
645
437
886
680
838
2
845
833
258
104
311
544
397
867
192
123
672
319
890
661
282
975
793
110
283
697
588
236
613
677
357
949
113
933
628
952
936
472
474
193
267
475
428
664
341
620
787
703
629
366
364
912
30
847
21
314
234
609
550
537
976
597
485
88
530
804
730
155
275
894
38
232
368
466
586
709
86
62
412
715
428
466
316
459
2
337
463
236
636
703
464
611
990
949
700
519
442
119
364
408
13
403
640
381
559
226
781
645
979
192
50
407
348
366
556
350
394
18
277
29
411
431
641
400
69
30
610
512
840
974
920
853
66
559
925
316
475
705
651
454
587
701
551
625
758
797
665
842
505
942
871
916
62
201
5
132
922
615
644
762
279
563
304
35
812
228
351
978
623
2
121
900
393
672
524
841
468
189
682
973
821
243
578
884
444
583
15
56
198
659
818
167
221
121
202
32
40
244
9
353
937
130
253
19
492
777
861
650
966
232
312
787
475
890
360
610
473
375
666
361
33
483
218
945
294
110
667
24
354
367
378
981
187
321
0
680
97
551
19
754
783
332
230
949
221
590
558
384
965
223
435
688
396
653
632
690
454
989
405
808
355
473
479
543
794
479
913
581
720
932
24
502
954
254
450
866
534
7
249
188
921
375
876
316
718
197
697
171
186
101
670
541
574
148
774
57
317
686
638
36
308
663
228
261
607
679
126
832
376
66
19
297
441
586
613
849
783
1000
20
969
100
380
200
364
528
974
421
535
350
750
571
658
102
799
609
399
167
736
230
544
492
250
531
933
836
834
471
308
834
181
968
624
561
167
989
779
831
409
313
871
849
884
528
951
373
828
350
540
563
270
774
745
520
304
367
45
829
838
44
352
19
11
976
580
178
964
359
699
63
362
570
912
937
788
553
309
615
903
849
868
863
313
612
73
307
669
118
135
507
162
487
526
173
463
796
41
116
845
431
179
207
691
91
143
478
334
142
784
927
681
341
789
994
644
862
301
312
671
126
819
833
304
34
697
457
521
428
573
55
549
753
953
239
534
786
408
868
928
882
484
609
222
272
292
866
134
283
869
805
410
377
327
714
102
714
861
313
142
433
368
381
876
321
621
99
797
719
657
725
600
140
23
822
413
5
378
237
289
937
41
699
313
368
102
415
82
963
728
915
85
787
295
652
798
606
751
594
324
98
8
924
238
722
436
341
728
814
578
16
750
309
405
753
678
197
859
450
850
586
54
625
62
349
276
860
956
718
144
970
816
152
894
744
565
329
85
292
833
353
999
272
663
93
24
30
290
883
480
830
159
534
454
221
573
421
772
218
138
916
188
644
758
772
387
322
100
162
304
623
206
993
895
869
85
609
589
65
492
759
585
341
983
39
562
555
460
23
464
288
939
652
932
697
423
318
709
213
171
704
526
377
696
110
936
782
719
524
537
210
282
122
241
264
852
804
509
1
517
973
289
456
314
220
843
427
228
241
330
89
945
856
466
641
966
91
112
685
305
339
585
587
461
827
541
2
320
741
3
837
713
292
983
718
202
515
144
121
757
475
210
701
20
367
31
987
458
143
361
764
483
636
40
634
152
272
637
472
12
330
1000
415
313
672
823
515
187
968
636
944
132
537
334
152
904
366
829
51
199
189
505
372
826
236
6
668
508
333
140
210
663
830
315
666
501
138
181
688
796
507
321
928
43
656
79
637
21
909
689
911
788
193
283
303
429
980
972
627
312
802
527
665
631
843
331
822
671
202
510
466
709
521
393
443
176
162
79
888
761
458
799
549
342
772
852
461
751
823
779
62
624
305
417
254
838
438
767
198
640
276
664
39
487
747
482
664
910
251
241
670
400
730
909
742
501
761
202
251
583
981
3
898
977
421
842
814
549
608
12
189
574
366
919
61
804
90
415
403
341
346
763
431
76
672
172
267
432
65
519
705
736
212
602
712
323
134
216
873
742
919
752
6
975
670
67
778
760
172
180
791
518
944
222
594
615
84
862
737
149
70
131
576
973
424
978
296
558
884
859
299
802
610
996
467
279
62
244
729
234
425
519
443
58
741
36
363
516
588
99
665
348
230
931
321
654
909
307
211
792
165
201
284
775
196
751
744
950
995
472
874
109
681
316
167
112
43
530
628
321
319
983
360
240
914
371
894
822
678
796
613
533
687
897
998
573
337
741
212
332
903
86
441
583
92
299
695
826
519
322
147
529
305
197
769
909
568
662
730
936
147
32
468
524
620
465
97
957
896
309
288
798
85
420
380
869
409
766
694
618
778
531
146
773
728
915
681
295
267
100
230
414
133
388
939
753
853
726
709
748
725
688
235
811
798
306
679
206
71
62
824
539
594
971
312
321
575
683
307
842
784
537
256
917
616
885
359
468
300
758
907
24
445
141
525
242
447
894
138
208
957
653
748
550
623
750
561
888
432
868
730
906
95
986
512
711
560
871
869
860
629
775
574
73
607
99
6
53
683
144
953
639
797
700
879
109
139
440
998
571
998
727
477
92
402
989
493
652
550
362
201
178
827
775
942
433
564
948
177
247
783
129
576
269
519
455
69
658
585
66
919
582
483
85
365
575
765
858
917
314
910
117
182
737
892
123
860
146
762
727
393
544
856
969
503
64
113
572
722
388
328
331
661
501
416
25
75
180
573
682
184
483
799
366
910
381
490
459
527
251
186
920
485
732
578
678
797
692
250
208
770
578
539
430
79
646
145
845
516
719
217
701
892
15
66
491
86
246
950
613
187
135
222
362
868
801
40
354
182
290
562
952
558
792
382
327
437
217
863
643
936
79
343
517
94
100
7
181
346
648
484
534
783
707
896
340
507
626
694
379
916
947
20
474
428
92
491
555
310
353
197
245
432
541
453
217
641
460
398
677
107
882
901
581
278
487
611
475
112
996
854
28
942
875
192
369
967
683
924
276
36
811
212
468
351
665
685
682
815
773
49
613
345
950
884
623
436
494
789
549
489
642
577
120
206
459
179
864
141
793
139
868
604
41
26
645
396
401
327
211
865
376
514
209
15
397
522
452
581
310
0
761
643
267
881
849
726
751
712
557
543
542
115
146
583
141
792
980
232
809
881
96
875
394
305
890
481
518
31
61
518
31
822
160
989
393
9
404
143
411
962
376
953
767
213
226
598
695
896
830
503
776
927
67
860
922
647
340
439
679
91
958
400
604
808
389
687
817
793
830
919
444
896
871
901
108
96
498
803
682
328
996
147
254
62
6
866
400
36
996
78
819
643
168
422
450
557
108
958
40
628
876
174
523
746
75
322
533
573
124
905
591
811
52
535
873
58
401
963
786
396
40
604
729
900
25
178
456
824
135
186
451
10
51
664
447
817
986
670
79
801
574
671
611
316
205
173
375
296
136
851
382
867
454
110
766
169
289
913
993
114
789
133
816
840
797
953
656
473
312
736
273
886
96
574
893
992
747
267
288
883
808
670
750
261
781
205
120
760
117
803
564
907
936
379
436
422
331
92
585
643
518
858
219
304
431
111
295
869
68
583
751
566
944
190
827
414
396
637
173
513
439
427
109
374
807
546
486
828
328
71
161
846
619
70
149
741
872
134
609
630
408
359
195
351
550
712
765
636
348
628
839
787
54
949
851
551
494
26
379
822
97
230
357
407
300
196
147
171
330
756
801
738
805
686
88
354
397
543
680
745
861
519
221
606
467
762
156
651
788
225
472
576
455
829
983
755
24
129
616
44
575
106
783
379
792
561
424
188
795
103
623
655
622
534
951
779
295
798
429
774
22
901
39
168
419
21
923
133
841
229
869
415
335
651
794
127
902
217
315
696
11
629
41
633
162
682
412
148
479
531
922
502
122
961
360
541
672
973
365
512
201
233
617
537
574
410
354
165
318
359
862
329
988
593
652
841
274
754
989
444
285
910
636
407
560
996
638
231
968
693
433
169
926
49
396
189
459
750
355
467
799
907
796
787
189
448
627
153
201
615
597
176
214
232
583
464
227
221
695
195
914
818
54
530
867
450
409
15
890
454
483
688
360
969
164
239
106
481
393
308
786
990
174
690
222
758
153
449
669
538
334
272
355
388
802
221
838
902
928
417
355
410
796
406
68
960
645
175
131
37
173
917
27
347
607
940
104
760
388
773
989
413
45
343
801
537
255
329
128
182
746
484
282
231
580
350
191
224
525
322
953
698
929
670
45
535
299
840
986
687
303
974
790
38
6
591
265
261
920
394
443
355
568
725
587
147
766
468
61
290
480
704
679
408
63
414
634
362
253
309
740
246
973
529
975
979
119
240
931
729
324
63
84
892
789
671
729
244
138
480
534
308
184
212
716
938
316
39
300
260
348
39
506
320
258
481
990
378
411
920
106
735
983
881
626
461
551
44
705
379
524
930
687
398
832
93
336
148
132
326
408
171
365
914
181
313
84
170
691
185
780
488
920
453
368
235
914
610
279
309
679
494
238
366
582
760
149
918
908
281
934
315
452
989
920
324
302
694
494
993
880
965
170
799
417
539
725
20
839
694
329
517
187
257
573
770
17
722
377
615
694
311
931
836
299
540
159
601
233
344
284
803
308
144
292
725
373
16
745
211
710
765
419
588
712
992
357
419
404
424
34
788
425
655
623
415
885
473
706
117
817
990
611
815
134
903
539
197
919
974
409
318
428
828
906
140
509
953
249
603
377
974
390
492
628
704
907
512
176
613
320
683
292
931
187
116
523
416
314
131
389
723
449
508
240
45
338
749
998
587
352
374
561
432
557
879
135
463
391
1
75
401
374
368
21
561
484
544
977
798
365
56
210
814
564
450
859
902
890
857
178
932
921
739
363
477
618
499
631
699
190
706
790
565
764
811
816
248
44
793
736
409
539
947
222
102
396
772
694
976
318
872
907
929
301
270
96
609
459
727
998
649
122
787
213
887
597
29
134
331
512
560
740
50
506
652
843
593
423
226
568
431
97
165
50
88
435
146
387
894
563
384
542
685
170
446
571
457
165
395
788
367
956
217
417
151
870
950
434
983
175
693
104
963
858
154
51
292
300
438
876
863
513
417
237
683
553
809
831
408
894
308
775
539
216
882
691
85
831
124
758
696
817
862
659
674
706
400
656
5
528
531
558
40
639
486
414
882
294
935
290
878
933
64
417
148
637
798
924
157
612
682
854
119
233
202
793
940
602
139
635
820
670
884
551
999
369
965
881
353
589
861
230
521
615
337
670
251
134
283
409
747
965
262
866
889
464
348
828
756
177
152
265
538
35
816
536
94
470
106
447
58
967
678
270
582
705
630
833
840
913
241
276
568
193
141
456
347
179
974
793
357
125
58
895
852
564
120
946
34
227
393
783
193
761
52
465
465
682
989
995
285
920
270
853
113
101
308
150
972
281
634
328
96
382
913
638
946
32
584
670
259
667
453
143
117
195
298
272
568
286
267
853
206
227
705
319
19
12
159
991
984
793
318
770
174
921
408
120
953
682
480
903
38
933
736
155
819
33
117
386
320
384
238
526
302
943
535
321
645
384
311
318
177
319
778
41
239
876
852
882
557
332
474
285
955
209
130
773
934
248
158
944
322
86
159
624
719
384
635
363
768
946
371
945
264
149
677
193
24
528
766
582
860
239
557
815
139
688
277
763
626
436
706
948
212
865
262
932
248
897
294
706
533
666
341
487
505
17
681
529
545
136
801
95
375
358
910
204
736
877
967
361
2
672
308
215
226
260
146
164
157
130
561
690
486
902
867
991
919
547
520
153
683
320
248
749
678
848
953
103
725
610
464
727
972
463
632
889
723
468
52
570
599
303
950
775
204
817
766
813
53
976
967
427
295
905
175
664
443
818
767
167
427
231
584
89
384
907
978
106
374
720
367
973
23
316
748
227
132
203
731
877
178
387
303
473
291
168
827
734
986
284
591
103
205
866
192
589
772
860
385
145
579
752
809
292
68
556
520
891
449
941
457
627
327
760
790
618
928
307
42
604
591
633
707
796
498
589
384
269
448
459
105
717
211
914
9
970
159
219
860
608
159
317
234
486
767
714
794
695
20
836
298
611
159
695
96
657
283
170
617
421
630
722
137
841
635
837
810
794
55
359
91
214
366
15
390
133
729
875
518
750
400
816
50
559
510
147
907
483
317
213
904
947
625
731
477
950
568
286
433
313
646
524
218
702
539
608
835
267
172
352
707
573
858
758
822
367
905
728
540
912
631
133
549
255
555
25
204
122
312
637
435
648
160
653
349
699
952
875
657
123
226
363
386
84
120
208
141
715
626
372
627
257
505
175
202
59
200
407
872
202
734
998
540
895
340
890
283
982
454
630
105
680
994
181
454
804
389
286
209
706
658
836
653
853
701
855
603
591
952
474
484
686
161
23
270
502
603
243
483
56
564
278
427
247
460
571
50
539
857
259
935
204
785
587
748
175
132
350
457
83
514
941
459
676
654
419
177
257
663
350
3
226
629
120
473
779
692
213
7
238
163
943
133
638
219
881
504
351
921
961
435
434
591
584
109
244
3
977
191
666
17
886
582
646
5
745
114
387
648
121
626
501
754
449
139
974
19
333
324
940
293
449
63
574
724
173
818
727
840
700
82
857
585
354
192
590
98
997
978
436
809
293
938
562
432
767
225
451
99
240
390
82
689
453
656
412
316
473
829
847
172
911
393
757
264
586
37
52
582
14
489
390
998
116
643
429
883
868
880
982
107
960
63
487
102
719
589
109
882
418
956
745
18
348
191
283
624
228
25
897
933
204
286
930
320
619
48
202
177
618
874
284
267
627
461
370
35
50
169
608
158
124
352
176
162
543
149
477
462
175
373
394
69
349
14
390
969
62
282
145
681
847
119
638
473
581
7
199
321
176
807
479
991
849
345
844
391
495
320
543
360
383
938
429
732
952
819
390
704
792
535
74
638
345
713
801
926
410
1000
937
277
496
415
958
344
450
491
426
945
811
969
304
884
596
424
616
237
242
5
942
724
231
706
51
266
418
853
882
519
542
818
796
729
923
753
72
372
244
188
317
745
848
311
629
443
735
935
681
668
630
312
81
551
17
133
817
126
986
698
645
217
205
440
946
127
883
709
190
817
587
507
252
434
508
571
878
934
505
248
601
825
560
372
376
577
505
883
703
180
271
37
398
166
167
33
294
50
742
174
557
19
371
809
453
879
379
330
812
574
578
102
89
828
475
155
405
670
37
798
851
999
526
248
165
693
972
149
433
404
323
991
423
694
489
876
262
559
897
765
132
164
557
221
993
722
376
397
392
104
885
242
793
410
180
958
794
151
797
226
245
810
907
668
503
86
544
456
645
440
220
467
604
777
379
286
499
755
683
891
549
258
823
342
358
693
990
151
534
787
68
780
596
975
447
790
60
681
245
395
811
155
863
105
932
241
391
120
686
765
701
235
22
213
267
70
906
256
222
440
733
981
219
19
955
356
499
706
37
434
100
538
589
653
643
210
894
34
331
580
489
722
505
201
936
462
271
841
408
183
280
141
163
189
851
809
236
39
204
273
473
995
811
752
648
144
962
231
869
983
501
357
705
5
248
330
157
519
170
566
393
141
707
556
20
247
54
256
286
258
219
759
944
721
200
591
865
161
512
423
835
13
470
229
709
718
559
867
236
729
432
319
560
138
566
581
75
620
837
361
569
56
810
512
777
9
102
331
861
614
754
695
317
223
924
26
941
482
893
867
902
324
877
461
152
442
41
227
61
569
278
630
315
87
832
782
96
934
112
957
238
556
342
555
469
265
271
409
438
163
966
339
177
842
800
329
974
532
246
35
100
524
355
415
611
187
196
397
811
999
44
739
554
386
985
22
341
255
121
779
419
777
808
596
309
298
616
282
830
862
7
620
386
53
725
687
240
921
775
741
609
819
480
853
895
464
875
926
409
686
395
518
462
202
114
461
190
420
434
19
281
441
639
357
494
363
44
424
974
509
165
582
17
335
434
602
489
999
527
898
374
612
416
527
505
220
988
695
640
421
715
611
553
43
659
46
97
393
161
70
902
16
343
919
351
467
520
530
156
737
117
530
349
223
56
544
443
735
238
773
155
643
74
708
687
733
445
474
125
296
234
26
312
267
635
353
425
154
883
581
581
1000
801
930
223
858
473
356
282
402
820
437
44
894
836
421
316
971
895
441
266
820
157
578
86
792
621
511
636
503
91
216
192
583
837
105
440
1000
152
412
401
662
849
136
245
374
557
561
34
142
692
300
962
539
568
47
20
879
249
656
71
30
562
955
613
88
59
743
88
902
154
179
563
694
315
808
67
563
58
793
705
750
783
356
288
41
93
308
920
342
654
992
373
216
946
986
995
695
729
82
597
573
953
850
266
267
348
334
830
406
817
224
847
599
270
134
640
364
133
560
396
477
551
459
383
186
445
378
881
864
460
167
126
412
708
393
370
55
417
890
151
233
805
998
832
74
823
472
438
956
722
835
432
963
293
816
148
428
193
719
982
343
887
799
446
594
191
506
339
608
395
490
841
199
488
672
274
0
834
402
956
555
927
77
517
911
583
355
28
776
74
701
810
961
499
946
244
690
451
273
297
536
453
828
426
631
189
390
631
23
792
586
268
409
354
786
9
937
831
37
403
905
428
903
555
927
848
489
306
989
762
293
524
215
120
950
846
0
339
477
23
822
753
982
230
106
457
239
734
288
967
136
192
395
38
748
11
576
236
318
564
689
301
87
904
112
728
439
112
66
606
826
578
359
807
808
155
264
737
889
552
394
715
434
789
753
181
490
328
108
498
582
797
800
670
390
912
87
829
714
844
435
539
422
484
35
920
639
299
657
218
541
741
623
976
529
376
847
18
394
645
207
667
441
6
336
521
608
113
350
11
957
475
550
378
959
275
298
287
575
645
195
806
385
819
471
604
885
318
312
969
653
519
635
94
215
661
615
823
774
655
834
421
820
73
799
468
349
787
446
614
121
641
419
196
149
581
490
724
589
803
693
241
11
17
25
227
679
641
740
142
986
264
563
806
337
52
964
376
839
409
990
651
741
99
847
890
370
337
614
959
830
997
199
841
13
225
758
382
556
498
215
541
452
778
36
789
830
0
856
359
99
535
700
840
324
236
420
694
573
33
652
92
720
852
624
423
767
71
806
322
259
20
553
711
488
280
190
8
971
45
57
69
580
757
910
595
993
329
288
256
52
941
38
462
482
662
885
248
734
380
260
993
90
813
394
269
92
584
277
62
629
334
823
899
781
732
493
463
751
472
719
493
102
758
955
584
109
529
522
533
600
782
216
690
594
610
959
377
193
926
439
512
950
261
100
730
683
284
884
123
756
602
616
858
49
260
131
159
480
653
692
79
434
598
459
718
207
108
94
400
33
224
602
674
485
703
93
859
677
977
982
432
269
288
289
318
238
110
167
718
763
860
487
887
147
637
604
355
745
699
445
468
613
47
141
788
440
926
646
116
902
318
238
170
296
217
489
534
327
656
943
89
205
119
976
353
756
269
398
190
658
843
659
270
580
490
58
19
415
394
826
317
712
63
487
7
280
666
232
607
12
865
386
908
674
51
951
430
321
348
620
669
882
278
940
461
769
688
171
874
81
687
190
484
751
368
181
721
724
103
18
426
968
94
334
642
146
284
762
157
323
71
826
204
40
455
355
499
833
526
372
605
213
563
88
654
621
960
64
344
63
82
771
721
177
795
52
13
769
814
170
91
576
686
986
616
832
341
114
664
557
486
959
460
48
46
804
359
697
869
704
760
641
164
170
508
959
223
211
727
727
71
819
302
758
494
918
279
525
31
633
82
518
592
232
256
328
36
616
24
595
9
474
235
173
645
434
131
868
645
858
284
717
366
587
164
861
504
443
385
226
766
157
434
357
390
690
686
116
996
400
711
4
875
636
868
519
69
999
76
405
857
360
812
913
637
976
463
832
108
539
57
874
696
181
231
776
561
607
892
557
6
292
251
571
619
119
780
378
808
546
783
664
597
594
267
233
569
730
755
367
268
502
241
655
683
472
120
244
769
703
491
465
995
432
727
613
551
506
992
359
52
464
713
649
749
670
572
7
400
327
375
358
829
616
703
512
778
824
446
546
526
937
701
210
58
427
514
610
934
195
659
676
659
61
14
407
732
276
105
131
603
480
179
122
95
883
324
563
706
460
799
231
86
499
131
144
927
645
754
550
840
102
916
499
164
620
596
896
896
701
717
189
180
896
1
966
778
325
218
173
475
16
94
561
206
226
705
823
871
149
372
711
251
978
900
415
287
495
0
873
887
717
61
757
613
753
413
80
768
631
945
242
648
38
803
854
264
198
676
826
347
738
536
288
405
125
394
692
310
394
564
196
111
316
954
414
759
366
184
527
687
128
769
24
858
262
878
121
460
243
637
497
671
863
785
766
988
178
147
298
263
402
494
64
718
137
168
476
193
352
693
881
171
462
905
28
414
473
840
564
406
477
60
768
339
535
533
327
714
681
315
667
82
499
731
490
637
589
656
520
941
349
400
802
501
996
830
915
158
670
478
254
837
228
21
175
763
245
192
166
616
507
833
388
697
253
878
333
842
223
853
473
262
944
274
763
939
795
367
787
154
535
40
991
763
753
856
526
998
48
692
613
245
525
691
942
468
258
965
310
481
508
783
744
451
747
196
79
541
564
866
695
98
596
685
862
348
541
77
35
279
769
338
214
984
28
847
452
977
501
452
458
8
234
892
459
671
87
228
212
341
784
907
440
380
282
992
418
823
759
144
792
217
482
696
201
201
542
343
177
43
795
325
51
719
216
201
389
995
429
291
335
213
198
465
283
480
146
701
993
905
535
784
122
17
169
13
909
712
356
776
445
841
101
496
249
7
387
328
1
507
620
27
720
508
492
693
678
329
393
670
924
619
143
45
326
312
749
234
714
795
700
158
325
801
345
574
499
422
593
500
929
903
217
648
100
400
340
778
729
424
137
652
42
971
388
58
973
136
292
377
932
992
535
256
483
570
521
982
993
804
171
921
396
389
259
496
789
289
964
207
403
791
859
135
761
937
193
423
73
175
800
695
167
335
641
340
595
852
11
587
655
182
198
50
261
457
236
740
436
199
947
840
990
496
665
440
432
859
864
195
33
353
890
891
688
531
230
974
382
932
250
728
114
448
778
65
595
705
496
31
594
442
561
584
628
225
714
60
83
267
255
808
621
836
698
999
366
619
972
438
550
222
165
354
670
634
420
956
338
916
677
932
47
237
205
676
152
920
426
927
877
681
734
497
516
121
496
572
740
157
10
290
379
866
334
740
499
754
385
527
359
61
149
407
989
354
773
831
964
198
757
841
569
180
27
776
993
523
347
732
681
47
712
750
914
46
179
102
490
564
320
850
625
469
947
613
823
409
134
477
607
891
7
175
762
34
951
754
558
989
175
929
35
578
368
639
314
548
432
804
111
752
343
427
220
980
730
733
388
864
209
685
445
216
861
206
251
501
650
499
489
825
117
215
92
485
544
406
723
976
901
525
417
934
952
327
914
371
60
992
235
960
677
680
867
227
576
808
728
225
997
908
740
113
813
833
288
356
929
702
22
829
226
439
763
868
767
366
238
517
357
473
476
33
843
342
951
418
149
679
333
836
276
73
949
88
596
928
444
524
629
466
353
545
596
806
412
52
171
650
569
218
814
44
943
346
77
893
765
917
261
788
753
537
861
701
625
146
318
760
671
947
916
714
181
511
519
593
563
380
934
822
598
437
867
540
783
944
433
237
860
694
25
302
922
576
3
546
723
11
996
393
649
912
106
830
112
315
423
366
695
46
187
983
483
744
523
265
687
646
503
237
29
218
539
951
794
232
187
516
935
873
909
583
784
705
412
587
19
525
643
404
261
830
387
744
574
600
9
951
936
202
878
965
420
107
606
213
29
483
420
964
355
328
236
830
724
339
416
433
864
58
838
125
578
915
559
842
204
258
483
139
460
360
794
570
157
399
474
878
882
894
531
237
221
768
66
635
106
172
68
660
230
596
475
498
510
34
340
714
292
823
543
443
873
336
703
30
736
176
908
307
69
438
234
982
896
991
616
1
162
374
352
82
970
827
581
479
551
611
883
534
433
425
667
305
762
369
25
187
546
623
494
305
752
729
977
647
409
593
339
572
657
691
344
627
207
925
796
449
225
369
983
658
794
649
654
245
708
369
122
944
993
617
249
744
35
225
80
444
508
419
706
165
800
50
482
7
665
277
146
891
646
128
238
130
467
582
65
174
952
188
809
944
495
57
377
220
973
147
354
481
257
60
336
56
110
818
754
465
785
900
45
121
718
284
942
184
866
697
49
817
575
858
450
69
605
517
980
577
665
334
748
922
394
774
668
194
281
422
659
757
11
395
878
730
679
509
604
234
205
653
742
781
200
191
540
805
709
520
72
63
854
510
675
247
975
342
131
255
764
480
11
776
875
579
195
243
87
799
478
293
142
219
73
342
100
613
838
499
823
600
562
676
109
236
613
83
579
744
29
32
915
731
498
479
310
383
723
397
182
200
380
324
109
143
666
209
447
193
709
269
793
961
946
903
888
248
676
156
683
395
188
597
126
377
75
436
760
488
523
632
688
904
956
487
46
312
387
183
505
95
453
298
746
88
891
633
336
256
789
18
652
668
305
778
735
381
904
184
559
426
817
247
19
772
424
757
774
811
940
279
596
392
267
342
480
157
665
507
413
144
525
755
502
521
222
236
592
125
110
150
242
927
87
261
389
512
17
162
322
648
131
609
39
398
951
210
555
305
717
659
449
932
103
641
452
326
567
43
451
678
885
693
604
972
645
683
483
662
536
496
309
667
104
39
65
745
940
310
740
656
659
189
277
763
520
420
88
87
153
229
765
37
613
58
9
257
742
182
609
968
678
919
634
472
648
699
216
587
700
957
933
358
836
209
120
45
319
208
132
473
128
897
200
741
646
900
998
77
82
606
44
450
214
678
923
862
67
829
138
767
475
70
124
0
971
936
46
289
143
178
452
962
766
343
702
411
242
389
178
324
996
222
775
209
590
697
762
657
215
900
113
691
661
238
691
631
173
737
610
6
606
753
659
371
95
360
472
337
750
650
352
435
872
126
334
151
513
95
809
728
686
612
418
36
540
109
667
713
536
967
410
141
409
759
202
504
118
364
532
558
13
884
993
575
700
17
727
212
803
225
940
488
837
48
524
377
848
881
780
383
538
880
215
947
638
107
141
447
472
673
695
175
246
688
751
946
395
167
157
197
82
787
376
919
835
900
986
682
471
456
756
8
335
661
645
664
768
476
110
930
148
805
105
84
182
546
29
577
403
877
465
485
354
841
403
188
430
79
561
901
535
6
599
560
667
244
223
124
720
23
745
559
829
540
333
701
85
53
969
488
930
433
973
974
273
65
162
703
144
413
294
369
419
893
930
776
827
152
590
237
176
334
486
695
874
819
85
649
562
53
136
182
176
799
155
449
865
7
843
699
420
136
68
529
719
688
304
236
840
895
473
706
919
649
90
793
157
176
441
720
229
268
902
406
757
747
545
311
755
77
10
174
213
769
704
623
456
698
859
986
282
21
382
201
670
472
994
827
338
124
236
258
82
137
354
840
885
899
150
329
977
851
503
880
309
897
502
765
285
50
441
567
71
513
768
741
675
451
258
13
266
494
271
348
632
625
878
206
213
719
225
189
569
418
760
879
315
952
333
290
2
464
857
73
977
625
505
652
766
763
355
31
256
626
70
578
941
948
474
153
666
699
33
926
117
483
804
122
434
136
412
126
601
268
200
267
583
395
609
349
157
964
70
103
589
140
372
219
779
846
373
444
235
96
369
352
579
863
474
12
690
576
139
981
534
29
247
117
114
857
156
962
820
226
64
99
367
436
318
836
973
381
279
207
477
339
559
55
892
723
759
581
989
588
561
522
307
499
639
421
45
795
382
555
712
136
654
769
263
663
604
235
734
573
132
211
602
381
957
494
103
405
765
782
683
16
303
990
515
633
100
560
117
172
114
829
309
459
597
262
812
891
497
545
464
629
446
65
9
403
249
803
498
14
274
181
30
577
861
235
209
962
485
327
133
289
846
132
748
133
394
249
23
581
795
487
900
240
243
599
333
182
91
522
196
365
703
917
633
253
151
842
214
326
859
38
616
395
861
53
528
255
303
551
526
97
729
116
27
972
405
51
844
497
573
40
552
966
647
184
218
489
717
433
815
575
161
430
970
21
484
187
967
477
739
183
264
467
299
291
128
704
32
972
891
605
702
443
570
349
317
479
528
33
602
342
299
763
463
959
474
637
146
441
113
885
624
377
41
613
358
860
6
391
521
898
686
914
30
947
953
347
425
480
71
26
512
370
479
975
328
953
611
474
83
414
48
397
481
89
9
840
639
707
921
851
294
296
764
14
242
716
361
667
886
122
383
397
492
862
372
821
505
673
294
588
778
343
676
258
122
685
788
452
81
398
302
375
695
65
79
937
471
441
294
356
253
367
753
746
229
815
566
424
178
550
702
956
583
377
904
396
753
382
848
834
780
149
900
474
214
979
101
685
109
85
731
363
452
483
108
371
989
364
795
166
604
497
812
878
874
715
273
316
96
811
150
567
960
740
731
864
718
832
548
518
917
969
881
59
451
679
430
129
733
225
986
336
412
797
213
976
202
176
292
989
987
132
555
946
872
286
499
279
808
737
797
415
705
677
474
847
45
904
976
778
819
962
114
921
448
17
897
650
885
879
329
871
10
574
507
572
550
5
851
358
743
648
463
447
14
937
293
60
530
960
838
39
921
642
960
58
350
546
399
234
114
728
104
815
301
301
386
542
998
237
900
740
575
52
877
279
989
861
339
208
820
868
247
740
199
898
798
549
443
196
783
248
614
578
62
606
879
449
147
566
376
737
305
641
789
873
920
467
733
950
675
552
817
613
982
15
510
779
255
643
666
37
891
970
305
954
575
875
92
412
440
468
148
746
799
937
618
718
403
350
667
769
592
173
381
573
880
581
41
134
223
397
171
805
367
167
448
632
41
540
44
481
698
192
917
496
820
224
213
222
264
571
681
856
744
61
428
623
642
470
757
556
867
619
50
924
786
498
556
827
728
290
998
115
172
915
611
992
138
514
905
93
775
585
949
209
647
377
832
979
537
279
224
93
588
274
17
63
462
263
580
880
553
577
995
725
181
295
407
10
500
311
103
274
896
51
483
232
118
5
902
345
975
125
439
562
90
146
315
242
99
895
122
342
161
116
757
343
102
163
353
602
164
456
876
60
507
49
983
316
54
884
661
719
700
790
971
790
936
285
31
725
179
153
66
30
961
824
373
62
677
726
354
842
872
920
592
69
969
574
385
713
148
736
431
848
526
401
637
151
686
358
877
555
202
633
586
853
146
649
605
824
375
959
355
937
878
947
5
847
210
390
249
358
126
681
205
342
81
532
493
458
581
59
703
783
693
288
635
839
938
239
352
2
197
707
939
765
343
635
611
244
24
551
602
841
231
498
873
2
720
366
460
300
425
163
773
117
141
407
647
769
336
999
461
223
396
400
989
429
34
289
673
749
840
966
280
70
463
152
73
873
208
223
864
634
76
636
441
909
734
778
677
69
777
138
293
863
228
972
291
262
260
655
701
100
620
671
861
773
824
624
335
31
848
198
355
614
835
487
522
258
264
199
327
731
27
310
283
255
281
265
207
542
920
598
332
539
269
192
1
783
817
336
814
354
535
860
968
59
36
180
317
300
379
334
31
96
645
4
351
616
269
558
848
188
155
179
417
114
62
418
897
879
755
401
923
980
260
580
38
296
760
45
286
829
69
7
925
404
12
966
20
281
523
868
470
369
738
577
483
800
996
70
368
440
471
290
419
731
560
147
717
10
883
2
839
952
10
454
46
713
419
66
994
633
624
153
1
361
421
174
160
416
244
218
546
715
198
655
135
759
492
542
769
64
545
297
15
245
751
752
648
170
818
641
803
132
485
494
493
906
358
344
11
603
562
557
7
761
902
834
519
393
375
978
457
610
274
162
545
25
915
192
886
422
834
688
554
8
181
47
914
229
81
615
832
643
862
530
93
763
363
302
155
428
279
612
38
244
464
583
269
378
776
845
801
299
532
44
307
403
91
911
632
172
215
154
506
76
374
599
839
427
902
994
855
871
295
583
114
449
166
73
828
632
918
318
931
449
362
928
542
144
528
865
6
743
709
512
819
82
802
347
509
703
30
53
573
15
637
378
464
803
451
982
434
369
299
54
508
352
672
741
186
199
605
192
632
313
395
140
395
196
487
594
589
517
647
852
532
283
229
686
776
371
668
900
740
967
954
938
8
625
678
194
514
282
77
836
595
472
976
680
358
462
273
637
669
611
178
891
894
98
577
670
469
244
569
208
901
213
836
600
528
514
794
42
796
561
878
81
723
544
451
80
696
415
407
365
25
586
946
919
684
212
588
152
456
848
50
47
60
886
647
588
89
130
320
886
692
198
657
104
432
107
185
127
522
282
492
237
558
128
156
241
340
434
83
487
281
824
224
31
400
871
620
489
691
940
64
72
828
721
177
950
519
52
77
731
334
569
969
583
387
815
824
728
248
598
905
220
111
128
251
201
689
561
691
379
191
445
142
709
857
319
659
375
61
736
796
85
995
454
668
382
268
182
800
207
470
394
427
581
522
368
783
210
930
163
279
811
608
111
519
464
430
868
529
181
603
325
267
598
469
935
670
738
116
159
635
586
553
752
858
74
119
640
975
739
803
944
239
100
55
759
565
175
626
93
357
920
108
314
207
578
248
567
5
55
726
330
331
278
81
188
42
891
518
707
320
10
650
559
111
395
7
676
261
324
459
308
243
258
622
450
526
560
16
221
615
432
551
947
710
322
134
442
212
653
148
222
663
488
782
464
574
789
830
835
803
289
833
45
237
454
185
453
13
892
674
319
323
915
265
723
236
89
164
138
742
2
361
95
181
833
559
755
311
389
279
114
368
111
159
295
565
35
748
268
927
421
587
250
25
542
663
952
632
828
89
63
520
140
158
701
663
408
455
975
797
424
779
855
535
628
149
790
663
897
749
590
7
335
530
32
568
192
984
199
710
763
262
230
904
421
621
256
519
767
921
315
190
699
860
416
327
8
205
990
595
954
269
602
980
489
634
547
372
307
436
772
69
698
692
663
809
313
920
327
79
840
332
960
539
191
375
556
890
271
545
484
915
505
85
894
684
409
130
55
