1
1
2
5
6
8
10
10
11
11
12
13
13
14
16
17
18
19
19
22
23
23
24
25
25
26
27
27
29
29
32
32
33
35
35
36
37
39
41
42
46
46
47
47
48
51
52
53
54
54
54
54
54
54
55
56
56
56
58
58
59
60
60
61
61
62
64
65
66
66
67
67
68
72
74
75
76
78
78
79
81
82
83
84
84
84
85
85
88
88
91
92
93
94
96
98
98
100
100
101
102
102
105
106
108
108
108
109
109
113
113
113
114
114
114
115
116
119
119
120
120
120
120
121
122
122
123
126
126
126
126
128
129
129
130
131
131
133
135
135
137
137
138
139
140
140
142
142
142
144
146
147
147
149
150
151
152
153
155
157
159
159
160
162
162
163
163
166
167
167
167
168
169
171
171
172
172
173
173
175
176
176
176
176
178
179
179
180
182
185
186
186
188
189
190
191
193
194
196
198
198
202
202
203
204
204
205
206
207
207
209
211
212
215
215
216
217
219
219
219
219
219
222
222
222
223
223
223
223
223
225
225
226
226
229
229
233
233
234
235
235
235
238
238
238
239
241
241
241
242
243
244
246
246
246
248
251
251
252
253
253
254
254
254
254
256
256
257
257
259
260
261
261
262
262
263
263
264
264
264
267
268
273
273
274
275
275
276
277
277
278
280
280
281
281
282
284
285
285
286
286
287
287
288
291
291
291
292
292
295
295
295
295
296
298
300
304
305
307
308
309
309
310
313
316
316
317
318
318
318
318
322
323
324
325
327
327
328
329
332
335
335
337
338
339
340
340
342
343
343
344
344
345
346
348
348
350
351
351
353
354
354
355
355
358
359
360
364
364
365
367
368
370
373
374
374
374
375
375
375
376
376
377
377
378
380
381
382
382
383
383
383
384
384
385
389
390
391
392
392
394
394
394
396
397
397
401
401
401
402
403
404
405
406
407
407
407
408
410
410
412
413
414
415
415
417
418
419
420
421
423
424
424
426
428
430
431
432
432
433
434
435
436
437
440
441
442
443
444
444
444
446
446
447
448
449
451
452
452
453
453
456
457
457
458
459
460
460
461
462
462
462
464
465
466
467
468
469
470
471
471
473
474
474
475
476
477
479
482
483
483
484
484
485
487
489
489
491
491
491
492
493
493
496
496
497
498
498
498
498
499
500
500
502
503
504
504
506
507
507
507
508
510
510
514
515
516
519
519
520
522
522
523
524
525
525
526
526
527
527
528
528
529
530
533
534
535
537
537
538
539
539
540
541
542
544
544
545
547
547
548
549
549
550
553
554
555
556
559
560
561
561
562
562
564
566
567
567
567
567
568
569
569
570
571
572
573
573
574
575
575
576
577
577
577
581
582
582
583
586
587
587
588
588
589
589
589
590
590
591
592
593
595
596
596
598
598
599
600
604
605
605
606
606
607
608
608
608
609
611
611
613
614
615
615
616
616
617
617
624
627
628
629
630
630
632
632
633
636
636
637
637
638
638
638
639
639
641
643
643
644
644
644
646
648
649
649
649
651
651
651
651
651
653
654
656
656
657
658
658
658
659
659
660
661
662
663
663
663
664
664
664
664
665
669
669
670
670
671
672
672
673
674
678
679
683
683
683
683
687
687
687
688
689
689
689
689
691
692
693
696
697
699
699
700
701
702
705
705
706
709
710
711
711
711
712
713
713
716
720
723
724
724
724
725
726
727
728
730
730
731
732
733
734
734
734
734
734
736
736
738
738
739
739
739
742
743
743
745
745
746
746
747
748
752
754
755
755
756
757
757
757
758
759
763
764
765
765
768
770
771
778
778
778
779
783
785
785
786
786
787
788
788
788
789
789
790
790
791
791
794
795
797
798
798
800
800
800
801
802
803
804
806
809
809
810
810
810
811
811
813
814
814
815
815
817
818
821
821
821
822
823
824
825
826
827
828
829
829
833
834
835
836
839
839
840
841
841
841
842
843
844
844
846
846
848
850
850
851
851
852
852
853
854
857
858
860
861
861
862
862
862
863
863
863
864
864
864
864
868
869
870
871
872
874
874
875
875
876
877
878
882
883
883
884
885
887
887
890
891
894
897
897
898
898
898
901
904
904
906
906
906
907
907
907
908
909
910
911
914
916
920
920
921
922
923
923
928
928
929
930
930
931
932
933
934
936
936
937
942
943
944
945
945
946
946
947
948
948
950
952
952
953
954
955
955
958
958
959
959
961
962
963
964
965
966
968
968
968
969
969
979
980
980
983
983
983
984
986
987
988
989
991
992
995
995
996
997
999
1000
